5.69, 186.11, 0
5.95, 207.04, 0
5.94, 173.69, 0
6.08, 180.78, 0
5.50, 183.06, 0
5.77, 198.13, 0
6.03, 179.37, 0
5.84, 161.68, 0
5.95, 173.88, 0
5.82, 201.78, 0
6.00, 169.88, 0
6.09, 181.15, 0
5.74, 183.33, 0
5.74, 201.60, 0
5.85, 173.39, 0
5.80, 180.20, 0
5.61, 186.02, 0
6.30, 179.07, 0
5.71, 191.35, 0
5.87, 180.89, 0
5.76, 191.60, 0
5.63, 185.64, 0
5.64, 180.56, 0
6.08, 197.86, 0
5.96, 161.82, 0
5.97, 170.57, 0
5.62, 175.56, 0
5.85, 199.55, 0
5.99, 188.39, 0
5.73, 170.81, 0
5.82, 184.88, 0
5.79, 192.31, 0
6.01, 167.15, 0
5.67, 197.80, 0
6.22, 202.74, 0
5.86, 181.62, 0
5.63, 165.06, 0
5.67, 184.32, 0
6.12, 166.03, 0
6.01, 192.63, 0
5.62, 197.95, 0
5.77, 194.83, 0
5.81, 191.39, 0
6.22, 180.10, 0
6.09, 182.08, 0
6.20, 175.71, 0
6.27, 196.29, 0
5.82, 173.81, 0
6.15, 176.19, 0
5.67, 175.29, 0
5.49, 173.46, 0
5.77, 199.65, 0
5.69, 182.73, 0
5.83, 206.55, 0
6.01, 188.36, 0
5.93, 174.72, 0
6.21, 193.18, 0
5.60, 181.77, 0
5.87, 186.97, 0
6.12, 191.68, 0
5.69, 200.56, 0
5.66, 203.15, 0
5.99, 182.39, 0
5.75, 193.19, 0
5.93, 197.28, 0
5.80, 195.70, 0
5.98, 157.74, 0
5.75, 189.89, 0
5.72, 175.87, 0
5.93, 176.36, 0
5.75, 189.53, 0
5.68, 178.03, 0
6.06, 175.15, 0
6.02, 174.20, 0
5.78, 184.14, 0
6.02, 187.37, 0
5.84, 157.77, 0
6.05, 172.99, 0
5.31, 184.73, 0
6.27, 206.35, 0
5.99, 184.58, 0
5.55, 183.57, 0
5.96, 172.81, 0
5.89, 199.63, 0
6.06, 185.66, 0
6.00, 183.87, 0
6.08, 197.97, 0
5.90, 190.15, 0
5.92, 182.97, 0
5.89, 178.07, 0
5.67, 193.36, 0
6.23, 183.89, 0
5.86, 172.80, 0
5.35, 195.12, 0
6.12, 163.64, 0
5.97, 187.79, 0
5.83, 184.23, 0
6.07, 183.72, 0
5.54, 181.37, 0
6.16, 161.12, 0
5.91, 185.51, 0
6.07, 183.88, 0
5.73, 207.07, 0
6.02, 172.86, 0
5.82, 174.82, 0
6.14, 194.87, 0
6.10, 186.09, 0
5.76, 195.04, 0
5.84, 189.24, 0
5.74, 168.64, 0
6.03, 178.79, 0
5.53, 197.02, 0
6.12, 184.53, 0
5.95, 177.41, 0
5.98, 196.53, 0
5.88, 198.65, 0
6.09, 191.68, 0
6.26, 182.85, 0
5.44, 198.94, 0
6.15, 171.97, 0
5.85, 208.72, 0
6.07, 200.99, 0
6.39, 181.84, 0
5.96, 193.80, 0
6.06, 183.62, 0
6.16, 196.00, 0
5.80, 181.62, 0
5.74, 189.66, 0
6.19, 191.97, 0
5.94, 206.78, 0
5.93, 172.80, 0
6.06, 185.79, 0
5.87, 166.14, 0
5.71, 176.29, 0
6.17, 184.42, 0
5.80, 181.47, 0
5.93, 184.60, 0
5.80, 198.15, 0
5.93, 188.49, 0
5.72, 180.89, 0
5.61, 186.79, 0
5.67, 192.45, 0
6.12, 179.06, 0
5.74, 195.07, 0
5.84, 177.11, 0
5.75, 171.46, 0
5.91, 203.39, 0
5.82, 174.04, 0
5.68, 196.05, 0
5.97, 174.76, 0
5.96, 199.06, 0
5.58, 179.25, 0
6.19, 163.71, 0
5.62, 173.66, 0
5.96, 186.57, 0
5.64, 191.31, 0
5.71, 184.38, 0
5.77, 175.78, 0
5.79, 191.87, 0
6.17, 165.67, 0
5.74, 173.62, 0
5.91, 189.78, 0
5.87, 173.75, 0
6.16, 180.93, 0
5.76, 191.63, 0
5.78, 176.16, 0
5.79, 178.02, 0
5.83, 174.36, 0
5.86, 176.12, 0
6.03, 211.89, 0
5.44, 197.24, 0
6.00, 184.26, 0
5.81, 184.05, 0
5.77, 187.77, 0
5.95, 165.34, 0
6.20, 188.36, 0
5.73, 166.94, 0
6.16, 177.63, 0
5.71, 190.66, 0
5.92, 192.42, 0
6.27, 200.75, 0
5.65, 175.58, 0
5.83, 194.45, 0
5.99, 198.71, 0
5.92, 185.03, 0
5.82, 188.81, 0
5.76, 163.90, 0
5.77, 179.60, 0
5.92, 173.54, 0
5.69, 182.25, 0
5.91, 177.92, 0
5.58, 180.55, 0
6.03, 176.06, 0
5.75, 182.75, 0
5.89, 196.68, 0
5.89, 176.18, 0
6.23, 176.17, 0
6.11, 199.01, 0
5.90, 183.94, 0
5.83, 169.41, 0
6.31, 194.87, 0
5.86, 178.31, 0
5.87, 192.77, 0
5.88, 205.39, 0
5.85, 173.88, 0
6.06, 176.11, 0
5.78, 189.52, 0
5.84, 185.94, 0
5.88, 200.69, 0
6.07, 195.16, 0
6.14, 179.98, 0
5.75, 182.96, 0
6.23, 165.11, 0
5.74, 191.22, 0
5.54, 186.03, 0
5.62, 165.76, 0
5.91, 186.21, 0
5.66, 200.03, 0
5.59, 201.02, 0
5.91, 180.82, 0
5.72, 206.50, 0
5.67, 186.19, 0
5.84, 176.47, 0
6.10, 192.78, 0
5.83, 187.29, 0
5.86, 194.62, 0
6.02, 181.53, 0
5.88, 185.04, 0
6.11, 199.43, 0
6.10, 183.88, 0
6.08, 183.86, 0
6.06, 172.76, 0
5.83, 186.96, 0
5.93, 189.69, 0
5.84, 192.19, 0
5.96, 183.94, 0
5.82, 174.73, 0
5.97, 185.29, 0
6.05, 203.80, 0
5.65, 205.64, 0
5.83, 180.37, 0
5.51, 187.12, 0
6.03, 179.44, 0
5.64, 191.38, 0
5.63, 192.68, 0
5.92, 177.24, 0
6.03, 190.16, 0
6.08, 184.07, 0
5.98, 195.12, 0
5.73, 190.92, 0
5.91, 187.58, 0
6.03, 183.04, 0
6.13, 184.33, 0
5.58, 190.13, 0
5.46, 206.13, 0
6.07, 184.19, 0
5.86, 180.65, 0
5.92, 186.95, 0
5.79, 184.41, 0
5.85, 205.96, 0
6.09, 174.62, 0
6.01, 185.80, 0
5.97, 186.61, 0
6.02, 181.05, 0
5.97, 194.68, 0
6.19, 179.25, 0
5.96, 173.82, 0
5.64, 183.73, 0
6.06, 196.19, 0
5.94, 188.33, 0
5.96, 197.68, 0
6.07, 179.13, 0
6.00, 178.94, 0
5.63, 187.45, 0
6.25, 187.23, 0
5.66, 200.38, 0
5.80, 197.22, 0
5.96, 169.02, 0
5.69, 183.48, 0
6.22, 184.40, 0
5.69, 171.49, 0
5.91, 189.85, 0
5.43, 196.62, 0
5.94, 182.30, 0
5.98, 176.77, 0
5.72, 185.70, 0
6.07, 191.36, 0
6.07, 186.86, 0
6.18, 202.64, 0
5.89, 175.87, 0
6.09, 189.44, 0
5.89, 199.68, 0
5.56, 209.92, 0
6.11, 184.43, 0
5.76, 196.70, 0
5.96, 169.76, 0
6.38, 180.64, 0
6.08, 184.38, 0
5.93, 177.67, 0
5.79, 181.08, 0
6.25, 203.55, 0
5.82, 190.26, 0
5.88, 192.31, 0
5.91, 170.70, 0
6.00, 179.91, 0
6.05, 173.22, 0
5.96, 180.97, 0
5.69, 194.54, 0
6.07, 175.74, 0
6.14, 198.18, 0
6.14, 168.14, 0
5.98, 179.40, 0
6.04, 192.64, 0
6.01, 181.67, 0
5.70, 195.89, 0
5.91, 182.17, 0
6.26, 191.69, 0
5.90, 201.12, 0
6.27, 176.09, 0
6.01, 179.47, 0
6.07, 192.87, 0
5.88, 183.13, 0
5.71, 157.70, 0
5.98, 193.23, 0
5.91, 175.79, 0
5.80, 177.14, 0
5.77, 186.47, 0
5.61, 193.69, 0
5.62, 176.11, 0
5.77, 191.24, 0
5.84, 200.09, 0
6.06, 197.37, 0
5.74, 182.12, 0
5.79, 196.76, 0
5.94, 177.44, 0
5.60, 188.00, 0
6.07, 175.71, 0
5.77, 170.72, 0
6.18, 167.51, 0
6.09, 173.72, 0
6.12, 192.99, 0
5.93, 186.59, 0
6.01, 176.59, 0
5.82, 199.79, 0
6.01, 176.34, 0
5.66, 193.55, 0
5.75, 198.35, 0
5.85, 171.91, 0
5.84, 183.33, 0
5.54, 196.02, 0
6.20, 180.10, 0
6.22, 196.95, 0
5.71, 193.52, 0
5.75, 195.79, 0
5.89, 187.10, 0
5.99, 185.67, 0
6.02, 198.77, 0
5.80, 182.03, 0
5.90, 184.01, 0
5.88, 186.25, 0
6.40, 181.61, 0
5.84, 182.94, 0
5.83, 199.06, 0
6.23, 180.38, 0
6.08, 181.83, 0
5.82, 186.74, 0
5.89, 171.08, 0
5.83, 171.18, 0
5.79, 162.38, 0
5.80, 186.91, 0
5.93, 178.56, 0
5.97, 188.95, 0
6.03, 178.90, 0
5.99, 186.84, 0
6.15, 160.02, 0
5.79, 196.21, 0
5.87, 184.25, 0
5.92, 191.62, 0
6.12, 186.75, 0
5.82, 164.15, 0
5.62, 179.47, 0
5.93, 180.65, 0
5.68, 203.14, 0
6.08, 185.85, 0
6.08, 185.61, 0
5.82, 190.95, 0
6.08, 169.20, 0
5.95, 188.16, 0
5.86, 187.08, 0
6.06, 167.20, 0
5.95, 197.12, 0
5.84, 190.37, 0
6.09, 185.57, 0
5.87, 175.28, 0
5.81, 173.72, 0
6.20, 173.43, 0
6.04, 176.46, 0
6.24, 164.66, 0
6.09, 176.17, 0
6.28, 198.86, 0
5.75, 178.59, 0
6.10, 186.08, 0
6.01, 188.18, 0
6.22, 169.87, 0
5.98, 189.23, 0
6.32, 197.96, 0
5.65, 188.46, 0
5.81, 180.94, 0
5.73, 166.81, 0
5.67, 178.10, 0
6.05, 160.83, 0
5.78, 175.29, 0
6.02, 172.61, 0
6.15, 180.60, 0
5.67, 174.68, 0
6.32, 179.24, 0
5.94, 199.34, 0
6.11, 191.43, 0
5.53, 192.21, 0
6.10, 172.25, 0
5.97, 181.30, 0
5.77, 212.99, 0
5.83, 187.86, 0
5.99, 179.59, 0
5.98, 187.03, 0
5.97, 190.45, 0
5.64, 179.38, 0
6.07, 187.27, 0
6.11, 200.17, 0
6.09, 181.76, 0
6.24, 177.18, 0
6.04, 197.92, 0
5.93, 191.41, 0
5.97, 168.98, 0
5.75, 178.94, 0
5.73, 187.25, 0
6.20, 181.29, 0
5.72, 170.91, 0
6.14, 186.16, 0
5.81, 187.28, 0
5.64, 205.35, 0
5.86, 198.80, 0
5.99, 187.63, 0
5.99, 187.96, 0
6.29, 188.95, 0
5.99, 183.47, 0
6.15, 188.22, 0
5.93, 183.84, 0
5.83, 180.11, 0
5.78, 191.98, 0
5.79, 166.96, 0
6.11, 174.16, 0
6.19, 182.25, 0
5.67, 181.84, 0
5.76, 188.09, 0
5.77, 193.62, 0
5.87, 180.95, 0
5.92, 184.94, 0
6.15, 189.97, 0
6.20, 198.64, 0
6.01, 178.92, 0
5.97, 194.55, 0
5.76, 176.38, 0
5.69, 179.85, 0
6.05, 178.23, 0
5.82, 169.53, 0
5.92, 174.51, 0
5.94, 176.77, 0
5.90, 191.15, 0
5.81, 191.77, 0
5.81, 189.87, 0
5.89, 183.84, 0
6.05, 169.03, 0
5.55, 197.95, 0
5.91, 178.14, 0
6.15, 169.88, 0
5.91, 184.55, 0
5.98, 184.87, 0
6.01, 192.81, 0
6.14, 188.95, 0
5.84, 196.59, 0
6.13, 196.47, 0
5.72, 189.15, 0
5.90, 173.20, 0
5.95, 178.92, 0
5.85, 184.49, 0
6.02, 180.80, 0
5.64, 178.01, 0
6.12, 201.82, 0
5.85, 191.56, 0
5.91, 195.43, 0
5.75, 186.11, 0
6.23, 187.90, 0
6.13, 201.63, 0
5.94, 201.45, 0
5.90, 177.07, 0
5.72, 178.46, 0
5.88, 192.18, 0
6.25, 190.74, 0
5.86, 180.99, 0
5.99, 190.18, 0
6.02, 202.90, 0
5.68, 176.42, 0
5.90, 184.38, 0
5.93, 185.92, 0
5.71, 166.42, 0
5.85, 165.10, 0
5.74, 190.33, 0
6.04, 186.80, 0
5.65, 191.25, 0
5.95, 186.16, 0
5.50, 188.64, 0
5.81, 196.67, 0
5.62, 196.45, 0
6.20, 185.61, 0
5.86, 179.78, 0
6.05, 192.55, 0
5.91, 192.46, 0
5.89, 193.59, 0
6.00, 183.61, 0
5.64, 182.98, 0
5.66, 168.88, 0
6.02, 178.04, 0
5.65, 187.84, 0
5.65, 176.91, 0
5.81, 189.31, 0
5.83, 180.07, 0
5.87, 174.67, 0
5.74, 165.06, 0
5.90, 183.80, 0
5.66, 191.91, 0
5.87, 177.72, 0
5.58, 194.47, 0
5.80, 177.72, 0
6.23, 178.65, 0
5.74, 203.04, 0
5.63, 173.73, 0
6.01, 192.00, 0
6.45, 194.03, 0
6.12, 177.43, 0
5.96, 168.39, 0
6.10, 190.33, 0
6.00, 178.04, 0
5.87, 194.87, 0
6.04, 184.36, 0
6.01, 194.36, 0
5.60, 154.99, 0
6.01, 179.35, 0
6.20, 184.40, 0
6.03, 195.85, 0
5.89, 189.18, 0
5.83, 188.68, 0
5.96, 199.73, 0
5.89, 197.07, 0
5.99, 173.66, 0
5.78, 183.77, 0
5.84, 179.42, 0
5.69, 174.88, 0
5.97, 203.29, 0
5.80, 187.05, 0
6.04, 179.27, 0
5.89, 191.00, 0
5.86, 192.78, 0
5.87, 188.09, 0
6.06, 188.39, 0
5.59, 182.41, 0
5.93, 181.15, 0
6.04, 189.02, 0
6.06, 191.54, 0
6.09, 181.86, 0
5.87, 167.72, 0
6.31, 184.78, 0
6.04, 198.86, 0
5.63, 191.00, 0
5.86, 175.54, 0
5.89, 198.59, 0
5.84, 210.82, 0
5.83, 179.52, 0
6.07, 187.17, 0
6.09, 189.93, 0
5.99, 188.48, 0
6.34, 158.47, 0
5.67, 179.83, 0
5.59, 182.93, 0
6.10, 188.57, 0
5.73, 187.19, 0
6.40, 176.80, 0
6.17, 166.78, 0
5.99, 183.04, 0
5.90, 187.73, 0
5.73, 193.38, 0
5.90, 174.53, 0
5.97, 194.00, 0
5.51, 197.49, 0
5.73, 188.89, 0
5.86, 193.14, 0
5.87, 201.18, 0
5.79, 172.91, 0
5.97, 197.48, 0
5.91, 176.33, 0
6.48, 180.69, 0
5.84, 167.22, 0
6.19, 186.31, 0
5.86, 176.24, 0
6.34, 187.33, 0
5.58, 174.96, 0
5.97, 192.49, 0
5.69, 192.95, 0
5.93, 186.88, 0
5.87, 179.27, 0
5.71, 189.91, 0
5.68, 187.53, 0
5.72, 193.41, 0
5.35, 179.55, 0
5.84, 181.90, 0
5.75, 192.49, 0
5.80, 195.15, 0
5.75, 171.45, 0
6.03, 187.37, 0
5.88, 187.97, 0
5.79, 181.26, 0
5.96, 180.34, 0
6.08, 186.23, 0
5.76, 186.89, 0
6.04, 192.97, 0
5.94, 172.92, 0
5.65, 198.48, 0
5.86, 201.30, 0
6.07, 180.49, 0
6.13, 178.06, 0
5.75, 183.51, 0
5.96, 170.68, 0
5.54, 187.98, 0
5.91, 175.44, 0
5.98, 183.93, 0
5.83, 190.21, 0
6.02, 181.71, 0
6.10, 191.11, 0
5.79, 184.78, 0
5.94, 187.76, 0
5.80, 188.43, 0
5.60, 190.53, 0
6.36, 168.01, 0
5.97, 189.57, 0
6.18, 166.38, 0
6.08, 185.57, 0
5.87, 172.55, 0
5.95, 169.74, 0
5.78, 170.95, 0
6.10, 174.12, 0
5.97, 175.48, 0
5.96, 185.29, 0
6.03, 183.74, 0
5.92, 218.88, 0
5.92, 174.36, 0
5.93, 196.01, 0
5.73, 191.46, 0
5.66, 174.39, 0
5.94, 186.16, 0
5.89, 181.97, 0
6.18, 184.27, 0
5.77, 181.28, 0
5.82, 178.98, 0
6.06, 176.82, 0
5.72, 191.51, 0
5.75, 168.47, 0
6.02, 188.47, 0
5.72, 182.42, 0
5.67, 193.89, 0
5.58, 167.43, 0
5.77, 198.03, 0
5.76, 181.56, 0
5.93, 185.40, 0
5.97, 186.08, 0
6.06, 190.79, 0
5.94, 183.87, 0
6.11, 188.08, 0
5.73, 173.95, 0
5.67, 193.77, 0
5.98, 164.17, 0
5.94, 189.99, 0
6.04, 159.95, 0
5.67, 172.58, 0
5.64, 172.89, 0
5.81, 194.50, 0
6.14, 184.42, 0
6.36, 176.59, 0
5.73, 198.01, 0
6.02, 192.13, 0
5.72, 195.47, 0
5.70, 186.44, 0
6.05, 195.29, 0
6.00, 185.18, 0
5.78, 186.71, 0
5.99, 183.24, 0
6.09, 179.73, 0
6.26, 195.98, 0
5.87, 184.66, 0
6.00, 187.66, 0
5.73, 184.17, 0
6.25, 168.57, 0
6.00, 186.11, 0
6.07, 178.11, 0
5.91, 182.56, 0
6.08, 189.42, 0
6.00, 181.68, 0
5.84, 188.11, 0
6.10, 186.02, 0
5.92, 183.22, 0
5.93, 180.48, 0
5.94, 177.99, 0
5.51, 186.37, 0
6.33, 192.84, 0
6.04, 195.07, 0
5.55, 177.28, 0
5.62, 173.81, 0
5.85, 180.05, 0
5.57, 177.54, 0
5.94, 187.33, 0
6.06, 186.10, 0
6.05, 181.43, 0
5.79, 168.71, 0
6.21, 207.03, 0
5.73, 186.95, 0
5.84, 180.97, 0
6.13, 191.28, 0
5.62, 199.54, 0
5.82, 192.75, 0
6.12, 187.08, 0
5.83, 197.65, 0
5.70, 179.58, 0
5.84, 179.36, 0
6.07, 170.83, 0
6.00, 164.78, 0
6.10, 179.85, 0
5.92, 185.95, 0
5.71, 176.40, 0
5.71, 199.26, 0
5.65, 184.81, 0
5.97, 176.82, 0
5.65, 175.92, 0
5.89, 184.95, 0
5.42, 185.66, 0
5.78, 198.32, 0
5.91, 185.89, 0
6.27, 200.55, 0
5.68, 196.29, 0
5.91, 178.48, 0
5.65, 196.09, 0
6.02, 169.71, 0
5.73, 188.27, 0
5.92, 178.54, 0
6.08, 192.03, 0
5.84, 180.73, 0
5.73, 189.62, 0
5.91, 185.13, 0
5.68, 178.68, 0
5.73, 209.54, 0
6.31, 170.48, 0
6.18, 188.14, 0
5.73, 178.26, 0
5.97, 180.15, 0
6.15, 191.06, 0
6.14, 185.77, 0
5.93, 171.72, 0
6.00, 198.79, 0
5.91, 194.94, 0
6.18, 183.37, 0
5.90, 177.04, 0
5.92, 195.22, 0
5.67, 203.20, 0
6.22, 187.52, 0
5.93, 198.96, 0
5.55, 195.31, 0
5.67, 191.43, 0
6.00, 198.13, 0
6.11, 179.21, 0
5.81, 185.53, 0
5.79, 172.37, 0
5.53, 188.48, 0
6.12, 174.24, 0
6.06, 179.98, 0
6.37, 171.24, 0
6.16, 196.20, 0
6.12, 183.50, 0
5.73, 186.73, 0
5.91, 197.11, 0
6.00, 177.20, 0
6.08, 209.13, 0
5.77, 192.07, 0
5.93, 203.78, 0
5.75, 185.39, 0
5.94, 179.96, 0
5.70, 188.51, 0
6.10, 192.10, 0
6.11, 166.66, 0
5.89, 201.77, 0
5.92, 195.53, 0
5.95, 183.50, 0
5.78, 197.90, 0
6.01, 175.96, 0
5.86, 172.41, 0
5.64, 167.44, 0
6.00, 201.84, 0
5.97, 180.67, 0
6.10, 183.10, 0
6.33, 177.97, 0
5.72, 173.92, 0
6.03, 168.43, 0
5.56, 186.03, 0
5.91, 176.66, 0
5.55, 189.22, 0
5.99, 177.71, 0
5.72, 188.75, 0
6.20, 179.00, 0
6.00, 178.63, 0
5.99, 187.60, 0
5.59, 171.79, 0
6.11, 183.96, 0
5.72, 191.00, 0
5.96, 184.13, 0
5.99, 177.32, 0
5.62, 176.01, 0
6.04, 163.11, 0
5.98, 171.65, 0
6.04, 199.04, 0
6.05, 173.87, 0
5.83, 189.68, 0
6.05, 176.06, 0
6.13, 188.69, 0
6.15, 162.82, 0
5.50, 169.05, 0
6.09, 194.13, 0
6.03, 197.67, 0
5.93, 186.38, 0
5.78, 182.81, 0
5.47, 184.38, 0
5.78, 203.81, 0
5.45, 191.23, 0
6.15, 195.40, 0
5.80, 179.35, 0
5.92, 186.81, 0
6.06, 192.00, 0
5.77, 165.04, 0
5.85, 180.51, 0
5.65, 188.39, 0
5.69, 180.76, 0
5.57, 170.38, 0
5.46, 186.77, 0
5.71, 204.61, 0
5.69, 199.16, 0
5.77, 176.21, 0
6.02, 183.50, 0
5.92, 190.48, 0
5.82, 188.08, 0
5.95, 190.86, 0
5.59, 168.91, 0
5.68, 197.02, 0
5.78, 187.28, 0
5.96, 196.28, 0
5.80, 186.88, 0
5.88, 186.16, 0
5.95, 178.96, 0
5.99, 190.30, 0
5.90, 187.06, 0
5.79, 193.76, 0
5.74, 178.12, 0
6.22, 179.09, 0
5.74, 177.99, 0
5.85, 192.40, 0
5.84, 187.93, 0
5.83, 186.34, 0
5.94, 175.13, 0
5.78, 180.29, 0
5.94, 173.21, 0
5.87, 195.25, 0
5.60, 171.41, 0
5.91, 190.14, 0
6.05, 203.59, 0
5.73, 175.55, 0
6.09, 189.06, 0
6.18, 180.58, 0
6.05, 181.52, 0
5.76, 181.79, 0
5.67, 185.08, 0
5.75, 184.80, 0
6.15, 195.66, 0
6.21, 193.74, 0
6.01, 213.75, 0
5.84, 178.94, 0
5.75, 176.21, 0
5.93, 173.69, 0
5.94, 174.64, 0
5.55, 180.47, 0
5.96, 193.60, 0
5.77, 165.92, 0
5.85, 172.85, 0
5.71, 188.80, 0
6.05, 174.46, 0
5.94, 190.24, 0
5.84, 175.05, 0
6.14, 181.91, 0
6.13, 170.26, 0
5.74, 190.97, 0
5.94, 183.76, 0
5.88, 186.61, 0
5.83, 189.12, 0
5.99, 174.99, 0
6.08, 197.83, 0
5.98, 174.92, 0
5.54, 178.28, 0
6.11, 178.25, 0
5.92, 192.70, 0
5.82, 185.19, 0
5.86, 190.75, 0
5.74, 187.13, 0
6.17, 181.80, 0
5.74, 202.78, 0
5.86, 181.32, 0
6.17, 183.22, 0
5.81, 166.65, 0
5.67, 176.98, 0
6.24, 183.98, 0
5.87, 184.67, 0
6.10, 195.98, 0
5.90, 162.45, 0
5.86, 193.14, 0
5.72, 160.57, 0
5.92, 192.01, 0
5.92, 186.06, 0
5.90, 193.54, 0
6.21, 189.68, 0
6.14, 178.34, 0
6.13, 183.76, 0
5.95, 165.72, 0
6.09, 164.92, 0
5.89, 195.59, 0
5.70, 183.75, 0
5.81, 169.61, 0
6.16, 197.70, 0
6.08, 177.33, 0
5.84, 186.41, 0
6.04, 197.41, 0
6.03, 196.15, 0
5.68, 192.59, 0
6.08, 183.84, 0
5.49, 178.85, 0
5.56, 171.57, 0
5.74, 192.39, 0
5.72, 186.53, 0
6.14, 188.35, 0
5.96, 196.69, 0
6.36, 183.12, 0
5.96, 180.31, 0
6.05, 156.34, 0
6.07, 175.76, 0
5.73, 184.23, 0
5.91, 182.66, 0
6.12, 210.59, 0
5.73, 181.71, 0
5.84, 181.16, 0
5.48, 191.60, 0
5.75, 171.86, 0
6.38, 185.41, 0
6.08, 187.77, 0
5.69, 180.33, 0
5.80, 198.59, 0
6.02, 176.76, 0
5.85, 196.57, 0
6.23, 179.79, 0
5.88, 174.93, 0
5.80, 164.80, 0
6.14, 199.69, 0
6.10, 176.27, 0
5.87, 178.76, 0
6.02, 182.80, 0
5.56, 171.47, 0
5.87, 180.69, 0
5.60, 192.10, 0
5.91, 190.21, 0
6.19, 182.50, 0
5.91, 174.56, 0
5.89, 181.55, 0
6.01, 180.74, 0
6.24, 197.99, 0
5.62, 195.69, 0
6.15, 197.14, 0
6.05, 185.34, 0
5.66, 189.42, 0
5.68, 208.32, 0
5.94, 179.90, 0
6.28, 200.24, 0
5.58, 197.71, 0
5.98, 173.29, 0
6.19, 184.51, 0
5.61, 178.65, 0
5.94, 177.33, 0
5.63, 181.26, 0
5.85, 181.94, 0
5.59, 172.02, 0
6.01, 199.04, 0
6.13, 201.70, 0
5.83, 176.20, 0
5.71, 179.82, 0
5.63, 181.40, 0
6.08, 197.38, 0
6.07, 201.89, 0
5.61, 171.92, 0
5.67, 175.81, 0
6.13, 185.92, 0
5.59, 207.61, 0
6.13, 162.28, 0
5.70, 189.64, 0
5.76, 177.88, 0
6.03, 179.36, 0
5.55, 188.82, 0
5.61, 199.02, 0
5.77, 204.57, 0
5.84, 174.13, 0
5.57, 166.43, 0
5.31, 184.59, 0
5.62, 177.65, 0
5.90, 192.73, 0
5.88, 146.68, 0
6.13, 182.60, 0
6.04, 185.47, 0
6.03, 193.34, 0
6.08, 183.17, 0
5.79, 177.65, 0
5.85, 173.67, 0
5.82, 165.25, 0
5.87, 194.82, 0
5.95, 184.67, 0
5.86, 175.12, 0
6.32, 187.52, 0
6.17, 179.53, 0
6.11, 170.43, 0
6.41, 178.36, 0
5.78, 176.86, 0
6.30, 193.61, 0
5.89, 180.60, 0
5.69, 156.19, 0
5.63, 188.09, 0
5.67, 177.83, 0
6.07, 173.33, 0
5.66, 173.64, 0
5.82, 188.53, 0
5.51, 192.46, 0
5.82, 199.18, 0
5.86, 198.86, 0
5.93, 171.81, 0
6.17, 187.14, 0
5.90, 185.20, 0
5.72, 174.54, 0
5.52, 193.77, 0
5.72, 190.97, 0
6.05, 186.05, 0
6.19, 175.85, 0
5.84, 190.22, 0
5.62, 174.15, 0
5.88, 185.00, 0
6.04, 186.62, 0
6.34, 169.15, 0
5.78, 191.37, 0
5.73, 198.80, 0
5.70, 192.78, 0
5.85, 190.29, 0
5.98, 185.82, 0
5.89, 192.48, 0
5.92, 199.53, 0
5.70, 190.46, 0
5.70, 195.49, 0
6.00, 181.37, 0
6.17, 188.93, 0
6.10, 166.22, 0
5.51, 193.36, 0
6.12, 184.41, 0
6.11, 186.05, 0
6.19, 164.88, 0
5.94, 181.06, 0
5.71, 185.65, 0
6.26, 174.87, 0
5.83, 183.65, 0
6.34, 195.06, 0
5.93, 182.73, 0
5.91, 187.10, 0
6.02, 186.52, 0
5.99, 184.51, 0
5.67, 169.37, 0
5.70, 191.75, 0
6.23, 173.08, 0
6.14, 177.43, 0
6.10, 170.58, 0
5.55, 182.23, 0
5.82, 192.33, 0
6.03, 189.08, 0
5.76, 199.34, 0
5.89, 194.64, 0
5.66, 186.72, 0
5.98, 196.26, 0
5.61, 179.42, 0
5.76, 188.16, 0
5.99, 171.34, 0
5.61, 179.14, 0
5.66, 177.01, 0
5.76, 176.79, 0
5.74, 198.62, 0
5.97, 187.20, 0
5.95, 185.26, 0
5.99, 204.72, 0
5.88, 178.78, 0
5.90, 213.35, 0
5.85, 177.82, 0
5.39, 188.51, 0
5.89, 181.55, 0
5.85, 180.32, 0
6.15, 194.25, 0
5.93, 184.26, 0
5.83, 180.93, 0
5.77, 176.44, 0
5.62, 184.99, 0
5.78, 203.98, 0
5.47, 198.59, 0
5.85, 188.04, 0
5.76, 181.51, 0
5.98, 193.72, 0
5.84, 178.22, 0
6.62, 179.45, 0
5.96, 209.36, 0
5.72, 215.73, 0
5.88, 193.53, 0
6.12, 181.37, 0
5.90, 191.69, 0
5.84, 172.38, 0
5.65, 187.99, 0
5.69, 187.39, 0
5.66, 175.87, 0
5.89, 200.72, 0
6.01, 186.92, 0
5.69, 186.42, 0
6.09, 193.40, 0
5.69, 198.56, 0
5.62, 174.90, 0
6.11, 175.34, 0
5.67, 183.71, 0
5.62, 190.91, 0
5.90, 194.24, 0
5.77, 173.00, 0
5.90, 188.11, 0
5.96, 189.27, 0
5.91, 204.21, 0
5.77, 198.21, 0
6.14, 203.49, 0
5.73, 178.69, 0
5.68, 205.80, 0
6.14, 175.06, 0
5.64, 189.07, 0
6.01, 175.25, 0
6.20, 174.36, 0
6.19, 188.04, 0
6.14, 193.26, 0
5.52, 189.93, 0
5.92, 167.43, 0
6.27, 185.83, 0
5.60, 168.09, 0
5.77, 182.59, 0
6.20, 172.21, 0
5.82, 191.93, 0
5.63, 182.99, 0
5.83, 190.85, 0
6.02, 192.51, 0
5.93, 180.84, 0
5.81, 193.07, 0
5.89, 173.92, 0
6.12, 182.08, 0
6.38, 200.97, 0
5.86, 175.93, 0
5.74, 175.46, 0
5.89, 185.55, 0
5.76, 184.20, 0
5.75, 186.83, 0
6.12, 196.38, 0
5.84, 180.62, 0
5.92, 184.96, 0
6.03, 190.30, 0
6.32, 195.45, 0
5.80, 173.73, 0
5.66, 175.55, 0
5.61, 177.73, 0
6.08, 173.31, 0
5.99, 168.71, 0
5.86, 182.06, 0
5.66, 179.35, 0
5.70, 184.58, 0
6.05, 195.75, 0
6.17, 185.30, 0
5.87, 183.85, 0
6.01, 184.62, 0
6.15, 190.34, 0
6.08, 190.74, 0
5.92, 185.26, 0
5.68, 170.58, 0
5.87, 181.17, 0
5.66, 188.54, 0
5.78, 181.08, 0
5.79, 183.92, 0
5.87, 177.38, 0
5.73, 185.74, 0
5.85, 188.09, 0
5.94, 172.24, 0
5.72, 198.85, 0
5.87, 204.51, 0
6.25, 170.02, 0
5.85, 177.66, 0
5.98, 193.61, 0
5.55, 185.08, 0
5.71, 208.51, 0
6.03, 182.92, 0
6.04, 176.33, 0
5.87, 181.39, 0
6.26, 189.81, 0
5.69, 186.03, 0
5.95, 186.23, 0
6.05, 182.25, 0
5.91, 182.51, 0
5.79, 183.59, 0
6.15, 171.68, 0
6.03, 183.37, 0
6.24, 190.60, 0
5.93, 187.40, 0
6.09, 196.24, 0
5.78, 206.27, 0
6.20, 198.36, 0
6.08, 175.63, 0
5.67, 180.98, 0
5.88, 174.91, 0
5.99, 170.39, 0
6.17, 188.92, 0
5.85, 195.49, 0
5.87, 196.31, 0
5.93, 188.63, 0
5.99, 173.57, 0
6.35, 198.00, 0
5.86, 179.19, 0
5.87, 189.37, 0
6.21, 195.34, 0
6.07, 183.90, 0
6.07, 190.95, 0
5.77, 187.30, 0
5.86, 178.65, 0
5.99, 178.40, 0
5.88, 189.17, 0
5.63, 182.29, 0
5.70, 184.71, 0
6.04, 176.23, 0
6.33, 170.76, 0
5.98, 182.88, 0
6.02, 182.37, 0
6.09, 178.49, 0
5.84, 185.80, 0
5.96, 203.02, 0
6.09, 190.52, 0
5.76, 194.86, 0
5.85, 180.15, 0
6.23, 198.03, 0
5.94, 190.90, 0
6.12, 197.81, 0
5.95, 174.02, 0
5.77, 184.58, 0
5.54, 182.42, 0
5.85, 188.61, 0
5.88, 206.82, 0
6.05, 194.20, 0
5.95, 185.92, 0
6.10, 175.88, 0
5.92, 188.03, 0
5.71, 193.68, 0
6.16, 190.39, 0
6.05, 184.39, 0
6.03, 192.09, 0
5.97, 167.81, 0
5.84, 178.45, 0
6.15, 186.68, 0
5.86, 171.31, 0
5.73, 201.75, 0
6.00, 175.07, 0
5.72, 184.84, 0
6.21, 177.14, 0
6.12, 197.00, 0
6.02, 186.69, 0
5.88, 181.94, 0
5.77, 196.65, 0
6.07, 201.47, 0
5.66, 184.04, 0
5.99, 185.43, 0
5.90, 198.22, 0
5.66, 191.50, 0
5.80, 174.42, 0
6.10, 187.10, 0
5.84, 182.13, 0
6.04, 188.23, 0
5.76, 177.20, 0
6.03, 191.11, 0
5.79, 160.39, 0
5.54, 199.08, 0
6.05, 173.95, 0
5.84, 182.77, 0
5.50, 176.92, 0
5.63, 198.07, 0
6.06, 187.97, 0
5.88, 216.46, 0
5.83, 174.48, 0
6.03, 175.94, 0
5.68, 191.85, 0
5.96, 183.38, 0
5.89, 175.03, 0
5.81, 188.63, 0
5.74, 188.78, 0
5.91, 185.43, 0
6.16, 190.22, 0
5.94, 194.58, 0
5.65, 177.07, 0
5.78, 188.81, 0
5.67, 208.58, 0
5.96, 171.89, 0
5.86, 185.91, 0
6.05, 184.69, 0
6.11, 199.87, 0
6.01, 190.77, 0
6.26, 188.97, 0
5.99, 191.23, 0
5.96, 175.30, 0
5.77, 187.76, 0
5.97, 178.30, 0
5.51, 192.66, 0
5.23, 157.68, 0
6.17, 197.73, 0
5.96, 183.42, 0
6.09, 185.46, 0
6.06, 194.59, 0
5.79, 181.40, 0
5.87, 173.73, 0
5.75, 173.06, 0
5.75, 187.25, 0
5.79, 186.19, 0
5.93, 185.05, 0
5.95, 191.67, 0
5.87, 189.57, 0
6.02, 191.34, 0
6.00, 188.17, 0
5.77, 190.26, 0
6.02, 192.78, 0
5.75, 198.90, 0
6.18, 187.49, 0
5.82, 190.55, 0
5.91, 172.12, 0
5.55, 199.15, 0
5.69, 201.97, 0
5.77, 186.97, 0
6.14, 176.66, 0
5.88, 170.22, 0
6.11, 182.48, 0
5.56, 168.34, 0
5.79, 191.17, 0
6.03, 189.46, 0
6.07, 186.11, 0
6.01, 168.87, 0
5.93, 171.96, 0
5.87, 198.76, 0
5.65, 184.15, 0
5.89, 187.84, 0
5.68, 187.22, 0
6.29, 180.77, 0
5.77, 197.94, 0
6.02, 186.01, 0
5.64, 199.02, 0
6.22, 190.49, 0
5.64, 194.79, 0
5.95, 193.69, 0
6.23, 183.24, 0
5.58, 185.08, 0
5.78, 175.69, 0
6.27, 200.60, 0
5.91, 180.76, 0
6.04, 203.61, 0
6.13, 193.47, 0
5.90, 193.60, 0
5.54, 165.12, 0
6.28, 181.03, 0
5.99, 186.34, 0
5.80, 180.42, 0
5.83, 180.68, 0
6.14, 174.86, 0
5.70, 178.43, 0
5.77, 199.01, 0
5.46, 192.17, 0
6.12, 186.03, 0
6.02, 185.25, 0
5.65, 188.30, 0
5.86, 186.88, 0
6.09, 202.67, 0
5.91, 197.13, 0
5.98, 190.61, 0
6.21, 197.74, 0
6.22, 172.65, 0
5.54, 193.38, 0
5.90, 182.43, 0
5.93, 189.23, 0
5.89, 187.64, 0
5.97, 181.87, 0
6.09, 188.80, 0
5.73, 198.05, 0
6.15, 190.11, 0
5.65, 185.52, 0
5.67, 178.28, 0
5.81, 159.94, 0
5.79, 181.13, 0
5.99, 194.40, 0
5.87, 195.82, 0
5.68, 176.35, 0
5.71, 191.91, 0
5.74, 192.41, 0
6.10, 161.64, 0
6.04, 171.37, 0
6.03, 185.39, 0
5.93, 182.60, 0
5.61, 190.46, 0
5.74, 194.38, 0
5.61, 184.18, 0
5.83, 178.09, 0
5.58, 180.90, 0
5.73, 189.77, 0
5.64, 178.74, 0
5.55, 179.02, 0
6.18, 174.04, 0
5.86, 185.14, 0
5.78, 188.32, 0
6.01, 192.98, 0
5.94, 193.29, 0
5.83, 171.79, 0
5.97, 176.29, 0
5.86, 192.27, 0
5.99, 177.99, 0
6.14, 164.00, 0
6.12, 194.41, 0
5.86, 190.66, 0
5.88, 181.47, 0
5.82, 196.96, 0
5.76, 183.53, 0
5.84, 181.40, 0
6.00, 185.00, 0
5.76, 182.14, 0
5.84, 167.47, 0
5.31, 176.62, 0
6.09, 182.12, 0
5.82, 175.62, 0
5.98, 190.65, 0
5.98, 185.32, 0
5.32, 190.49, 0
5.86, 188.43, 0
5.98, 181.99, 0
5.94, 194.43, 0
6.06, 177.11, 0
5.78, 184.49, 0
5.90, 190.90, 0
5.48, 173.64, 0
5.88, 177.28, 0
5.62, 204.60, 0
5.92, 198.77, 0
5.46, 165.16, 0
5.84, 173.52, 0
5.90, 186.02, 0
5.80, 177.17, 0
5.62, 186.74, 0
5.95, 178.59, 0
6.27, 188.98, 0
5.78, 204.91, 0
6.14, 181.28, 0
5.77, 174.85, 0
5.64, 177.42, 0
6.24, 187.69, 0
5.82, 182.39, 0
5.99, 214.40, 0
5.83, 192.42, 0
5.98, 189.56, 0
6.24, 188.10, 0
6.00, 193.06, 0
5.81, 182.90, 0
5.84, 180.35, 0
5.76, 182.88, 0
5.58, 199.01, 0
6.27, 186.41, 0
5.95, 177.24, 0
6.00, 187.83, 0
5.80, 177.66, 0
6.06, 201.56, 0
6.17, 198.59, 0
5.81, 177.85, 0
6.07, 182.16, 0
5.98, 184.07, 0
5.83, 197.18, 0
5.97, 200.52, 0
5.79, 177.80, 0
5.97, 194.40, 0
5.55, 184.06, 0
5.69, 176.84, 0
5.88, 200.17, 0
5.74, 185.91, 0
5.67, 182.45, 0
5.64, 186.72, 0
5.96, 192.57, 0
6.03, 189.89, 0
6.09, 192.13, 0
6.13, 202.09, 0
5.94, 191.10, 0
6.12, 178.40, 0
6.08, 185.34, 0
5.95, 181.88, 0
5.77, 187.87, 0
6.12, 171.76, 0
6.07, 195.35, 0
5.90, 161.09, 0
5.66, 181.31, 0
5.91, 187.40, 0
6.01, 177.27, 0
5.72, 187.32, 0
5.89, 183.70, 0
6.07, 188.90, 0
6.10, 192.53, 0
6.03, 200.05, 0
5.90, 174.08, 0
5.57, 204.41, 0
5.76, 195.34, 0
5.88, 175.69, 0
5.84, 183.72, 0
5.46, 186.62, 0
5.77, 184.79, 0
5.81, 199.20, 0
6.13, 198.38, 0
5.49, 193.13, 0
5.96, 172.24, 0
6.46, 172.34, 0
5.94, 187.32, 0
5.82, 198.33, 0
6.07, 201.25, 0
5.68, 183.00, 0
6.26, 195.48, 0
5.80, 188.08, 0
6.17, 191.75, 0
5.98, 186.52, 0
5.73, 192.57, 0
5.99, 177.29, 0
5.94, 161.52, 0
5.94, 186.30, 0
5.99, 188.67, 0
5.81, 181.45, 0
5.84, 197.67, 0
5.76, 189.75, 0
5.86, 178.38, 0
5.79, 187.45, 0
5.74, 170.70, 0
5.61, 178.72, 0
5.95, 188.56, 0
5.82, 184.13, 0
5.76, 186.90, 0
5.45, 207.94, 0
5.71, 173.91, 0
6.24, 171.60, 0
5.97, 172.82, 0
5.72, 193.57, 0
5.66, 183.92, 0
5.75, 184.91, 0
5.84, 191.01, 0
5.59, 183.44, 0
6.02, 187.77, 0
5.52, 186.98, 0
6.21, 207.72, 0
5.87, 199.43, 0
6.16, 182.75, 0
5.68, 181.18, 0
5.74, 206.57, 0
5.87, 190.19, 0
5.82, 181.35, 0
5.84, 180.11, 0
5.79, 178.76, 0
5.54, 184.34, 0
5.76, 176.28, 0
6.03, 197.73, 0
5.94, 175.61, 0
6.12, 184.48, 0
5.84, 191.32, 0
5.75, 181.49, 0
5.78, 193.87, 0
6.07, 183.00, 0
5.84, 181.06, 0
5.76, 191.21, 0
5.96, 175.96, 0
5.55, 196.13, 0
5.63, 173.99, 0
6.07, 176.29, 0
5.90, 194.01, 0
5.67, 178.89, 0
6.02, 154.84, 0
6.02, 181.69, 0
6.12, 185.37, 0
6.16, 202.41, 0
5.55, 169.45, 0
5.89, 170.84, 0
5.82, 173.93, 0
5.79, 183.81, 0
5.93, 159.38, 0
6.06, 199.02, 0
6.08, 171.76, 0
5.85, 185.26, 0
5.96, 199.95, 0
5.98, 181.81, 0
5.99, 174.06, 0
5.84, 187.46, 0
6.12, 181.18, 0
5.81, 184.92, 0
5.57, 178.39, 0
5.84, 193.61, 0
6.12, 188.52, 0
5.87, 192.08, 0
5.74, 187.85, 0
5.99, 180.39, 0
5.79, 182.61, 0
5.94, 198.44, 0
5.83, 179.32, 0
5.91, 170.68, 0
6.05, 190.64, 0
5.82, 178.79, 0
5.69, 187.74, 0
6.04, 186.80, 0
5.97, 186.32, 0
5.82, 195.32, 0
5.73, 190.44, 0
6.11, 186.92, 0
5.62, 182.37, 0
5.99, 189.90, 0
5.95, 199.67, 0
5.91, 195.62, 0
6.24, 176.92, 0
6.04, 198.15, 0
6.04, 179.05, 0
6.19, 183.84, 0
5.66, 175.23, 0
5.76, 197.32, 0
6.17, 181.19, 0
5.48, 195.37, 0
5.81, 174.59, 0
5.70, 191.76, 0
5.89, 173.82, 0
5.96, 192.46, 0
6.14, 180.64, 0
6.07, 180.12, 0
6.01, 192.85, 0
6.12, 172.96, 0
5.87, 178.67, 0
5.83, 180.01, 0
5.90, 173.24, 0
5.93, 186.22, 0
6.05, 183.88, 0
5.68, 183.98, 0
5.90, 185.63, 0
6.08, 199.22, 0
5.46, 176.95, 0
6.11, 182.72, 0
5.95, 177.85, 0
5.89, 187.97, 0
5.90, 187.60, 0
6.15, 176.90, 0
6.03, 174.67, 0
5.93, 190.07, 0
6.17, 186.31, 0
6.15, 195.38, 0
5.52, 176.52, 0
6.00, 191.98, 0
5.76, 175.65, 0
5.75, 194.33, 0
5.85, 192.30, 0
5.76, 181.51, 0
6.03, 190.95, 0
6.40, 180.70, 0
5.65, 198.11, 0
6.00, 185.96, 0
6.36, 181.43, 0
5.56, 199.35, 0
5.60, 175.49, 0
5.86, 182.89, 0
5.76, 191.37, 0
5.76, 189.50, 0
5.53, 191.36, 0
5.84, 179.49, 0
5.62, 185.52, 0
5.88, 196.70, 0
6.05, 179.66, 0
5.79, 181.68, 0
6.06, 189.49, 0
6.23, 172.12, 0
6.11, 181.39, 0
6.08, 193.25, 0
5.61, 177.91, 0
5.46, 183.73, 0
5.36, 173.50, 0
5.89, 189.06, 0
5.96, 192.71, 0
6.05, 184.33, 0
5.95, 215.18, 0
5.57, 185.63, 0
5.89, 181.67, 0
5.52, 191.13, 0
5.84, 178.23, 0
5.85, 178.26, 0
6.37, 171.90, 0
5.85, 176.47, 0
6.05, 200.42, 0
5.90, 167.97, 0
5.80, 188.14, 0
5.84, 175.23, 0
6.10, 180.64, 0
5.65, 187.33, 0
5.54, 190.25, 0
5.93, 202.05, 0
6.13, 174.25, 0
6.02, 183.58, 0
5.49, 182.19, 0
5.78, 180.95, 0
5.29, 179.50, 0
5.69, 179.35, 0
5.74, 179.91, 0
6.27, 193.83, 0
6.33, 196.55, 0
5.75, 191.38, 0
5.70, 165.09, 0
5.63, 181.82, 0
5.69, 175.98, 0
5.57, 180.15, 0
5.96, 200.12, 0
5.66, 195.46, 0
5.57, 178.46, 0
6.03, 189.40, 0
5.96, 178.75, 0
5.87, 176.28, 0
6.17, 177.45, 0
5.89, 170.83, 0
5.69, 186.36, 0
5.93, 201.35, 0
5.99, 179.36, 0
5.92, 178.53, 0
6.08, 184.48, 0
5.49, 172.99, 0
6.23, 189.14, 0
5.62, 152.58, 0
5.97, 167.30, 0
5.70, 185.31, 0
5.49, 192.82, 0
5.92, 173.87, 0
5.97, 197.90, 0
5.77, 178.14, 0
5.88, 183.55, 0
5.76, 192.11, 0
6.17, 188.56, 0
5.70, 187.53, 0
5.83, 209.11, 0
5.81, 190.56, 0
5.82, 167.24, 0
5.91, 170.86, 0
5.71, 172.58, 0
6.18, 187.18, 0
5.98, 172.02, 0
5.99, 204.91, 0
5.95, 190.25, 0
5.79, 190.98, 0
6.09, 186.61, 0
5.62, 177.48, 0
5.73, 188.49, 0
6.11, 194.99, 0
5.81, 187.23, 0
5.60, 188.75, 0
6.02, 168.02, 0
5.72, 198.09, 0
5.74, 177.77, 0
5.74, 177.57, 0
5.82, 183.90, 0
6.11, 193.34, 0
6.08, 188.74, 0
5.93, 189.50, 0
5.71, 199.72, 0
5.96, 186.21, 0
5.80, 180.31, 0
6.11, 195.59, 0
5.91, 196.15, 0
5.55, 172.84, 0
6.01, 178.88, 0
5.73, 189.71, 0
5.93, 174.32, 0
6.27, 196.11, 0
5.87, 182.02, 0
6.03, 176.41, 0
5.53, 140.49, 0
5.86, 197.50, 0
5.51, 196.89, 0
5.81, 166.36, 0
5.96, 179.74, 0
6.17, 206.78, 0
5.71, 196.95, 0
6.08, 187.52, 0
6.45, 191.84, 0
6.29, 198.73, 0
6.17, 166.64, 0
5.94, 192.36, 0
5.88, 177.94, 0
5.88, 197.03, 0
5.78, 161.60, 0
6.07, 178.46, 0
5.80, 188.91, 0
5.78, 179.84, 0
5.92, 167.80, 0
5.71, 184.20, 0
5.88, 194.94, 0
5.90, 185.55, 0
6.12, 182.33, 0
6.14, 182.62, 0
6.14, 190.40, 0
5.50, 192.76, 0
5.77, 185.50, 0
6.20, 193.14, 0
6.00, 185.27, 0
5.62, 190.12, 0
5.84, 200.12, 0
5.61, 192.25, 0
5.70, 176.40, 0
5.91, 183.12, 0
6.09, 181.79, 0
6.04, 190.51, 0
6.20, 194.33, 0
5.66, 193.91, 0
6.11, 190.38, 0
6.09, 181.37, 0
5.75, 190.09, 0
6.12, 179.42, 0
5.91, 186.79, 0
6.24, 205.52, 0
5.91, 200.67, 0
6.01, 179.04, 0
5.89, 190.97, 0
5.63, 194.11, 0
5.68, 182.64, 0
5.94, 182.99, 0
5.89, 173.34, 0
5.74, 205.19, 0
6.26, 183.79, 0
6.17, 191.67, 0
5.78, 190.15, 0
6.29, 186.83, 0
5.66, 166.66, 0
5.85, 184.61, 0
5.71, 174.66, 0
5.75, 185.42, 0
5.69, 195.75, 0
5.94, 190.15, 0
6.08, 170.67, 0
5.75, 199.12, 0
5.83, 171.30, 0
6.04, 188.60, 0
6.04, 170.14, 0
5.92, 185.56, 0
6.04, 180.91, 0
5.89, 186.87, 0
6.09, 199.08, 0
5.87, 185.22, 0
6.32, 179.73, 0
5.92, 184.51, 0
6.10, 185.48, 0
6.21, 192.15, 0
5.65, 188.87, 0
5.48, 170.21, 0
5.75, 185.00, 0
5.68, 181.56, 0
5.76, 187.22, 0
5.65, 183.10, 0
5.85, 192.25, 0
6.01, 178.91, 0
6.01, 181.60, 0
5.73, 190.59, 0
5.71, 176.99, 0
6.11, 187.69, 0
5.84, 173.09, 0
5.71, 181.61, 0
6.36, 195.69, 0
5.61, 168.18, 0
5.96, 184.02, 0
5.96, 190.00, 0
5.88, 186.74, 0
5.89, 194.69, 0
5.92, 179.31, 0
5.64, 204.81, 0
6.14, 197.11, 0
5.90, 170.43, 0
5.81, 179.64, 0
5.75, 208.07, 0
6.04, 168.62, 0
5.45, 186.98, 0
6.12, 202.29, 0
6.05, 191.20, 0
6.23, 191.92, 0
5.96, 204.32, 0
5.97, 207.76, 0
6.10, 177.08, 0
5.95, 185.92, 0
6.03, 183.42, 0
5.81, 181.13, 0
5.75, 189.03, 0
6.07, 188.31, 0
5.72, 180.05, 0
5.75, 199.66, 0
6.10, 181.07, 0
6.14, 175.72, 0
6.18, 204.00, 0
5.83, 181.25, 0
6.33, 186.66, 0
5.77, 183.70, 0
5.86, 181.68, 0
5.98, 170.67, 0
6.12, 173.45, 0
6.09, 192.59, 0
6.04, 182.04, 0
5.85, 194.44, 0
5.72, 175.98, 0
5.67, 191.07, 0
6.00, 188.05, 0
5.75, 189.77, 0
6.11, 176.89, 0
5.73, 177.08, 0
5.71, 194.06, 0
5.86, 195.94, 0
6.30, 179.04, 0
5.94, 172.59, 0
5.88, 186.44, 0
6.20, 177.76, 0
5.90, 176.51, 0
5.99, 189.72, 0
5.94, 200.89, 0
6.08, 195.75, 0
5.71, 196.21, 0
6.07, 176.58, 0
5.76, 188.96, 0
6.01, 207.06, 0
6.03, 183.81, 0
5.64, 191.45, 0
5.70, 181.86, 0
6.15, 180.48, 0
5.45, 175.87, 0
5.99, 185.93, 0
6.08, 179.31, 0
6.07, 193.00, 0
5.58, 192.12, 0
5.99, 199.52, 0
5.76, 183.73, 0
6.03, 193.77, 0
5.90, 188.01, 0
5.60, 181.17, 0
5.76, 186.06, 0
5.44, 182.23, 0
5.81, 173.82, 0
6.27, 176.36, 0
5.51, 173.53, 0
5.99, 197.05, 0
5.75, 176.30, 0
5.48, 179.55, 0
5.84, 185.16, 0
5.76, 176.67, 0
5.85, 164.67, 0
5.82, 170.22, 0
5.94, 194.59, 0
6.06, 192.63, 0
5.66, 184.14, 0
6.19, 222.59, 0
5.67, 166.32, 0
6.27, 180.18, 0
5.91, 164.12, 0
5.92, 182.24, 0
5.94, 212.62, 0
5.90, 176.39, 0
5.66, 195.39, 0
5.72, 204.44, 0
5.70, 183.13, 0
5.92, 195.98, 0
6.02, 182.68, 0
5.76, 180.29, 0
6.07, 200.68, 0
5.59, 189.64, 0
6.19, 193.52, 0
5.69, 174.01, 0
5.84, 187.56, 0
5.95, 172.19, 0
6.23, 195.34, 0
6.02, 200.72, 0
5.73, 180.65, 0
5.23, 144.65, 1
5.38, 135.30, 1
5.13, 161.40, 1
5.35, 138.04, 1
5.36, 159.83, 1
5.13, 141.57, 1
5.50, 136.18, 1
5.23, 144.98, 1
5.29, 145.02, 1
5.03, 138.98, 1
5.47, 147.80, 1
5.74, 154.24, 1
5.16, 136.11, 1
5.47, 145.12, 1
5.44, 140.17, 1
5.48, 158.72, 1
5.42, 143.33, 1
5.39, 154.09, 1
5.32, 151.66, 1
5.52, 149.55, 1
5.16, 151.18, 1
5.44, 152.56, 1
5.44, 145.17, 1
5.26, 126.63, 1
5.49, 153.06, 1
5.19, 135.83, 1
5.67, 137.46, 1
5.37, 161.16, 1
5.42, 138.81, 1
5.63, 151.67, 1
5.39, 129.57, 1
5.48, 149.20, 1
5.29, 141.65, 1
5.33, 156.08, 1
5.44, 156.37, 1
5.33, 154.38, 1
5.18, 156.41, 1
5.49, 139.82, 1
5.16, 128.50, 1
5.63, 152.13, 1
5.27, 142.89, 1
5.64, 152.73, 1
5.47, 161.53, 1
5.43, 155.40, 1
5.56, 147.85, 1
5.36, 136.89, 1
5.76, 157.33, 1
5.54, 136.16, 1
5.45, 156.99, 1
5.36, 145.52, 1
5.28, 158.19, 1
5.05, 146.20, 1
5.38, 143.79, 1
5.07, 135.36, 1
5.66, 159.01, 1
5.07, 147.53, 1
5.21, 145.64, 1
5.58, 128.33, 1
5.62, 151.82, 1
5.27, 135.15, 1
5.42, 142.12, 1
5.26, 147.26, 1
5.31, 136.92, 1
5.37, 136.48, 1
5.30, 148.65, 1
5.22, 158.54, 1
5.57, 152.31, 1
5.61, 149.12, 1
5.37, 139.57, 1
5.27, 137.00, 1
5.64, 150.89, 1
5.21, 148.86, 1
5.47, 136.25, 1
5.18, 162.68, 1
5.61, 145.65, 1
5.74, 152.66, 1
5.21, 136.01, 1
5.45, 139.26, 1
5.43, 125.62, 1
5.63, 132.10, 1
5.30, 135.35, 1
5.09, 151.10, 1
5.30, 152.68, 1
5.42, 152.96, 1
5.34, 165.41, 1
5.41, 129.93, 1
5.54, 145.09, 1
5.67, 158.78, 1
5.54, 154.65, 1
5.90, 142.30, 1
6.06, 147.44, 1
6.05, 155.69, 1
5.50, 154.22, 1
5.40, 145.68, 1
5.62, 130.60, 1
5.25, 139.12, 1
5.16, 156.69, 1
5.34, 126.99, 1
5.24, 147.66, 1
5.09, 139.48, 1
5.47, 137.39, 1
5.39, 143.48, 1
5.79, 159.09, 1
5.45, 150.37, 1
5.13, 148.29, 1
5.61, 138.61, 1
5.61, 160.82, 1
5.47, 129.38, 1
5.20, 142.87, 1
5.77, 152.24, 1
5.31, 157.11, 1
5.02, 154.59, 1
5.19, 146.47, 1
5.33, 140.20, 1
5.49, 139.28, 1
5.87, 142.10, 1
5.22, 129.13, 1
5.12, 140.33, 1
5.65, 135.90, 1
5.88, 145.65, 1
5.47, 129.17, 1
5.06, 144.20, 1
5.53, 146.56, 1
5.70, 142.17, 1
5.06, 143.28, 1
5.24, 160.26, 1
5.47, 155.65, 1
5.32, 145.01, 1
5.48, 159.43, 1
5.66, 134.86, 1
5.59, 137.48, 1
5.47, 153.58, 1
4.99, 147.47, 1
5.28, 134.40, 1
5.24, 137.08, 1
5.20, 138.37, 1
5.68, 130.49, 1
5.20, 147.39, 1
5.12, 140.35, 1
5.65, 134.64, 1
5.68, 157.88, 1
5.22, 138.61, 1
5.49, 146.85, 1
5.80, 150.50, 1
5.54, 153.63, 1
5.62, 143.67, 1
5.37, 127.44, 1
5.71, 138.17, 1
5.50, 143.60, 1
5.38, 143.59, 1
5.40, 120.65, 1
5.49, 139.13, 1
5.69, 146.04, 1
5.29, 135.28, 1
5.54, 139.52, 1
5.61, 150.27, 1
5.27, 147.00, 1
5.11, 124.95, 1
5.44, 134.82, 1
5.35, 137.32, 1
5.54, 137.16, 1
5.23, 160.36, 1
5.37, 143.90, 1
5.27, 145.95, 1
5.60, 124.84, 1
5.36, 151.10, 1
5.26, 153.95, 1
5.45, 153.34, 1
5.50, 140.78, 1
5.39, 158.19, 1
5.50, 148.47, 1
5.31, 130.11, 1
5.31, 150.98, 1
5.43, 134.98, 1
5.22, 136.26, 1
5.47, 116.50, 1
5.31, 125.47, 1
5.35, 139.34, 1
5.66, 136.50, 1
5.14, 139.79, 1
5.38, 139.15, 1
5.05, 150.98, 1
5.33, 157.77, 1
5.57, 160.87, 1
5.07, 159.40, 1
5.65, 150.03, 1
5.05, 153.31, 1
5.38, 136.07, 1
5.47, 147.41, 1
5.11, 150.75, 1
5.68, 148.57, 1
5.48, 144.74, 1
5.02, 156.08, 1
5.59, 143.84, 1
5.45, 124.81, 1
5.08, 150.70, 1
5.46, 148.67, 1
5.01, 138.78, 1
5.37, 140.34, 1
5.73, 161.33, 1
5.52, 136.75, 1
5.41, 153.51, 1
5.63, 134.63, 1
5.23, 133.13, 1
5.28, 143.56, 1
5.22, 149.97, 1
5.50, 136.61, 1
5.29, 142.83, 1
5.40, 143.50, 1
5.40, 146.72, 1
5.55, 142.25, 1
5.18, 139.20, 1
5.19, 146.70, 1
5.46, 151.16, 1
5.49, 143.27, 1
5.41, 155.39, 1
5.31, 145.54, 1
5.66, 140.87, 1
5.16, 144.92, 1
5.46, 133.56, 1
5.57, 137.45, 1
5.56, 145.30, 1
5.83, 145.47, 1
5.41, 151.80, 1
5.63, 152.93, 1
5.36, 135.46, 1
5.30, 151.53, 1
5.57, 138.70, 1
5.79, 158.93, 1
5.65, 126.77, 1
5.56, 136.47, 1
5.24, 141.58, 1
5.64, 131.73, 1
5.24, 131.47, 1
5.16, 141.16, 1
5.39, 134.61, 1
5.43, 154.64, 1
5.56, 150.71, 1
5.62, 145.84, 1
5.46, 146.91, 1
5.44, 150.41, 1
5.54, 158.02, 1
5.46, 145.79, 1
5.73, 138.97, 1
5.46, 157.40, 1
5.09, 136.64, 1
5.29, 145.09, 1
5.11, 145.83, 1
5.42, 144.48, 1
5.53, 127.44, 1
5.51, 151.04, 1
5.14, 135.35, 1
5.49, 136.86, 1
5.52, 120.64, 1
5.59, 151.26, 1
5.40, 133.31, 1
5.68, 146.98, 1
5.07, 155.91, 1
5.49, 145.50, 1
5.42, 126.77, 1
5.21, 136.14, 1
5.44, 138.37, 1
5.41, 141.68, 1
5.47, 151.16, 1
5.44, 132.04, 1
5.24, 133.08, 1
5.23, 127.43, 1
5.45, 151.82, 1
5.61, 154.32, 1
5.76, 135.88, 1
5.24, 145.76, 1
5.15, 156.46, 1
5.49, 156.32, 1
5.49, 137.03, 1
5.49, 147.06, 1
5.70, 152.57, 1
5.57, 147.10, 1
5.37, 121.81, 1
5.29, 135.78, 1
5.12, 151.57, 1
4.89, 142.87, 1
5.37, 151.75, 1
5.39, 153.48, 1
5.15, 143.34, 1
5.56, 139.64, 1
5.50, 147.27, 1
5.71, 144.13, 1
5.29, 149.36, 1
5.26, 126.43, 1
5.41, 138.94, 1
5.40, 146.95, 1
5.54, 144.94, 1
5.59, 135.16, 1
5.29, 140.73, 1
5.39, 134.75, 1
5.34, 157.19, 1
5.90, 131.71, 1
5.42, 138.47, 1
5.24, 134.34, 1
5.42, 137.17, 1
5.68, 145.63, 1
4.82, 150.41, 1
5.89, 151.20, 1
5.70, 130.85, 1
5.56, 143.79, 1
5.53, 150.83, 1
5.38, 112.85, 1
5.33, 156.51, 1
5.34, 135.71, 1
5.83, 146.24, 1
5.32, 139.44, 1
5.50, 146.96, 1
5.37, 164.08, 1
5.21, 157.12, 1
5.12, 141.90, 1
5.58, 137.89, 1
5.73, 126.68, 1
5.10, 143.34, 1
5.15, 130.55, 1
5.28, 156.85, 1
5.35, 143.52, 1
5.46, 137.04, 1
5.27, 148.33, 1
5.25, 150.66, 1
5.57, 146.17, 1
5.25, 139.36, 1
5.51, 129.62, 1
5.24, 148.58, 1
5.24, 134.57, 1
5.18, 142.63, 1
5.17, 158.64, 1
5.66, 146.21, 1
5.64, 156.89, 1
5.07, 143.98, 1
5.51, 140.89, 1
5.62, 148.31, 1
5.81, 147.48, 1
5.48, 146.06, 1
5.53, 138.97, 1
5.67, 153.53, 1
5.29, 140.98, 1
5.44, 149.83, 1
5.52, 171.12, 1
5.51, 155.83, 1
5.44, 136.50, 1
5.64, 146.06, 1
5.37, 149.02, 1
5.38, 152.74, 1
5.13, 129.31, 1
5.57, 137.81, 1
5.52, 157.92, 1
5.26, 147.72, 1
5.34, 167.08, 1
5.11, 138.27, 1
5.64, 130.97, 1
5.34, 130.10, 1
5.20, 147.21, 1
5.52, 152.84, 1
5.53, 139.86, 1
5.52, 150.58, 1
5.02, 148.87, 1
5.42, 147.03, 1
5.36, 151.57, 1
5.23, 136.96, 1
5.44, 151.09, 1
5.42, 146.50, 1
5.49, 148.16, 1
5.37, 144.90, 1
5.02, 156.54, 1
5.10, 138.65, 1
5.29, 145.31, 1
4.92, 150.51, 1
4.99, 143.85, 1
5.17, 142.39, 1
5.28, 145.39, 1
5.42, 147.31, 1
5.51, 143.09, 1
5.12, 142.87, 1
5.63, 158.64, 1
5.68, 134.50, 1
5.07, 157.25, 1
5.34, 141.30, 1
5.51, 158.45, 1
5.64, 146.96, 1
5.52, 148.65, 1
5.31, 145.34, 1
5.63, 130.96, 1
5.59, 138.44, 1
5.21, 158.19, 1
5.28, 145.35, 1
5.66, 144.66, 1
5.38, 153.15, 1
5.51, 139.88, 1
5.22, 135.64, 1
5.37, 142.13, 1
5.29, 142.58, 1
5.22, 151.27, 1
5.82, 148.40, 1
5.30, 154.27, 1
5.36, 153.64, 1
5.47, 127.13, 1
5.39, 134.72, 1
5.51, 155.40, 1
5.46, 137.67, 1
5.57, 146.78, 1
5.90, 162.55, 1
5.43, 157.27, 1
4.97, 149.07, 1
5.19, 152.08, 1
5.65, 144.52, 1
5.22, 137.90, 1
5.53, 140.79, 1
5.28, 151.44, 1
4.98, 157.67, 1
5.07, 154.01, 1
5.39, 149.37, 1
5.51, 137.10, 1
5.40, 144.49, 1
5.46, 159.32, 1
5.27, 145.48, 1
5.37, 142.06, 1
5.41, 136.27, 1
5.06, 155.82, 1
5.47, 132.45, 1
5.67, 149.25, 1
5.27, 138.37, 1
5.76, 148.26, 1
5.37, 144.35, 1
5.57, 152.44, 1
5.93, 131.45, 1
5.24, 139.67, 1
5.60, 154.08, 1
5.22, 144.46, 1
5.43, 141.27, 1
5.46, 138.68, 1
5.56, 147.36, 1
5.61, 151.04, 1
5.27, 141.06, 1
5.09, 158.81, 1
5.75, 144.11, 1
5.05, 146.10, 1
5.31, 140.21, 1
5.15, 138.68, 1
5.21, 132.09, 1
5.34, 123.38, 1
5.44, 155.97, 1
5.45, 158.15, 1
5.47, 139.81, 1
5.61, 158.35, 1
5.44, 158.84, 1
5.38, 148.34, 1
5.59, 146.29, 1
5.10, 136.18, 1
5.52, 130.02, 1
5.40, 170.48, 1
5.18, 151.34, 1
5.05, 153.49, 1
5.31, 143.32, 1
5.48, 151.63, 1
5.49, 162.08, 1
5.44, 156.79, 1
5.28, 134.94, 1
5.48, 164.50, 1
5.50, 142.51, 1
5.45, 144.25, 1
5.46, 137.58, 1
5.50, 145.16, 1
5.53, 153.11, 1
5.40, 140.07, 1
5.10, 161.50, 1
5.50, 140.73, 1
5.05, 140.89, 1
5.32, 154.55, 1
5.31, 135.40, 1
5.76, 157.30, 1
5.10, 147.75, 1
5.42, 144.77, 1
5.70, 149.31, 1
5.24, 129.41, 1
5.26, 147.20, 1
5.48, 161.24, 1
5.54, 145.56, 1
5.03, 164.64, 1
5.36, 133.32, 1
5.57, 158.40, 1
5.54, 153.42, 1
5.55, 133.00, 1
5.31, 148.22, 1
5.38, 154.54, 1
5.54, 140.14, 1
5.47, 145.37, 1
5.34, 148.92, 1
5.29, 141.91, 1
5.59, 154.75, 1
5.44, 143.39, 1
5.51, 136.66, 1
5.42, 126.40, 1
5.58, 152.34, 1
5.49, 150.18, 1
5.34, 156.67, 1
5.24, 141.73, 1
5.43, 134.63, 1
5.26, 137.97, 1
5.26, 144.96, 1
5.31, 147.72, 1
5.48, 159.22, 1
5.30, 153.68, 1
5.61, 142.64, 1
5.75, 153.43, 1
5.52, 172.47, 1
5.20, 143.65, 1
5.52, 125.87, 1
5.45, 150.34, 1
5.36, 150.13, 1
5.62, 133.48, 1
5.22, 134.68, 1
5.45, 139.06, 1
5.80, 146.92, 1
5.44, 155.93, 1
5.52, 153.73, 1
5.43, 138.53, 1
5.45, 153.84, 1
5.31, 147.81, 1
5.50, 138.79, 1
5.21, 145.73, 1
5.37, 151.53, 1
5.23, 154.17, 1
5.49, 152.22, 1
5.61, 148.59, 1
5.50, 149.29, 1
5.19, 139.74, 1
5.52, 141.88, 1
5.36, 157.17, 1
5.19, 143.14, 1
5.67, 144.66, 1
4.98, 126.84, 1
5.25, 146.13, 1
5.28, 158.84, 1
5.15, 135.45, 1
5.69, 152.04, 1
5.35, 131.86, 1
5.29, 134.65, 1
5.03, 150.90, 1
5.57, 134.49, 1
5.30, 153.46, 1
5.15, 137.00, 1
5.19, 143.44, 1
5.08, 145.32, 1
5.30, 154.79, 1
5.22, 160.10, 1
5.28, 145.84, 1
5.49, 128.35, 1
5.46, 152.39, 1
5.26, 149.11, 1
5.30, 142.57, 1
5.38, 145.49, 1
5.49, 135.44, 1
5.30, 137.56, 1
5.76, 138.69, 1
5.41, 139.88, 1
5.32, 152.97, 1
5.47, 133.52, 1
5.58, 140.16, 1
5.82, 130.13, 1
5.27, 138.30, 1
5.56, 152.41, 1
5.39, 147.62, 1
5.32, 143.65, 1
4.98, 150.39, 1
5.61, 161.20, 1
5.21, 138.92, 1
5.32, 152.16, 1
5.42, 136.35, 1
5.22, 142.99, 1
5.39, 154.24, 1
5.43, 148.68, 1
5.64, 146.27, 1
5.02, 125.66, 1
5.17, 151.35, 1
5.33, 138.26, 1
5.22, 130.84, 1
5.27, 146.80, 1
5.48, 156.11, 1
5.75, 145.86, 1
5.40, 137.61, 1
5.33, 152.92, 1
4.93, 136.02, 1
5.14, 158.19, 1
5.39, 134.80, 1
5.75, 139.15, 1
5.89, 150.01, 1
5.80, 146.56, 1
5.35, 164.00, 1
5.16, 119.66, 1
5.61, 148.50, 1
5.26, 144.77, 1
5.49, 146.61, 1
5.58, 160.04, 1
5.05, 166.99, 1
4.98, 159.68, 1
5.40, 149.85, 1
5.35, 148.38, 1
5.39, 142.23, 1
5.57, 156.94, 1
5.18, 151.78, 1
5.13, 131.87, 1
5.45, 146.80, 1
5.15, 153.19, 1
5.24, 142.60, 1
5.68, 156.78, 1
5.39, 154.99, 1
5.55, 155.52, 1
5.14, 148.30, 1
5.56, 150.75, 1
5.79, 162.35, 1
5.70, 166.47, 1
5.61, 142.63, 1
5.32, 130.81, 1
5.17, 150.20, 1
5.61, 139.72, 1
5.40, 143.06, 1
5.02, 151.73, 1
5.37, 130.44, 1
5.59, 131.51, 1
5.60, 151.82, 1
5.52, 138.03, 1
5.66, 148.37, 1
5.70, 140.23, 1
5.18, 141.18, 1
5.42, 153.75, 1
5.43, 164.70, 1
5.28, 137.25, 1
5.71, 131.96, 1
5.74, 146.77, 1
5.32, 147.81, 1
5.26, 160.92, 1
5.22, 144.94, 1
5.28, 135.54, 1
5.42, 162.89, 1
5.31, 147.33, 1
5.01, 141.38, 1
5.20, 141.95, 1
5.55, 158.06, 1
5.49, 126.26, 1
5.24, 157.00, 1
5.44, 135.90, 1
4.99, 145.19, 1
5.52, 137.22, 1
5.38, 122.18, 1
5.33, 137.14, 1
5.34, 143.16, 1
5.20, 146.89, 1
5.24, 141.84, 1
5.67, 147.49, 1
5.80, 120.73, 1
5.23, 151.11, 1
5.58, 153.59, 1
5.55, 138.66, 1
5.33, 161.33, 1
5.43, 130.91, 1
5.08, 160.34, 1
5.07, 138.44, 1
5.48, 147.58, 1
5.21, 123.74, 1
5.04, 157.09, 1
5.83, 143.29, 1
5.05, 141.41, 1
5.23, 147.58, 1
5.61, 120.25, 1
5.55, 137.14, 1
5.55, 119.50, 1
5.39, 129.45, 1
5.22, 136.66, 1
5.48, 144.01, 1
5.04, 135.79, 1
5.47, 152.93, 1
5.66, 145.70, 1
5.57, 129.99, 1
5.32, 133.99, 1
5.27, 134.07, 1
5.39, 137.28, 1
5.41, 126.58, 1
5.47, 141.28, 1
5.92, 160.98, 1
5.59, 136.46, 1
5.04, 139.61, 1
5.18, 158.70, 1
5.54, 147.62, 1
5.41, 148.83, 1
5.60, 142.52, 1
5.16, 150.39, 1
5.46, 135.51, 1
5.39, 144.57, 1
5.41, 144.93, 1
5.33, 164.49, 1
5.23, 154.72, 1
5.44, 132.36, 1
4.97, 146.59, 1
5.14, 152.80, 1
5.49, 151.61, 1
5.47, 139.79, 1
5.17, 154.49, 1
5.31, 136.75, 1
5.67, 141.16, 1
5.33, 147.18, 1
5.29, 134.79, 1
5.05, 144.43, 1
5.67, 147.37, 1
4.94, 143.06, 1
5.33, 163.89, 1
5.66, 151.53, 1
5.64, 138.00, 1
5.50, 146.71, 1
5.12, 142.62, 1
5.55, 144.07, 1
5.44, 123.79, 1
5.62, 139.28, 1
5.56, 140.08, 1
5.76, 150.22, 1
5.33, 141.73, 1
5.23, 140.69, 1
5.22, 143.78, 1
5.01, 149.65, 1
5.40, 155.48, 1
5.28, 141.41, 1
5.18, 158.90, 1
5.53, 140.74, 1
5.38, 141.70, 1
5.35, 123.12, 1
5.51, 143.16, 1
5.28, 175.02, 1
5.58, 120.73, 1
5.54, 139.32, 1
5.06, 129.15, 1
5.43, 144.14, 1
5.30, 138.95, 1
5.29, 158.26, 1
5.31, 145.92, 1
5.36, 137.92, 1
5.64, 136.17, 1
5.39, 150.17, 1
5.15, 151.42, 1
5.56, 142.61, 1
5.13, 139.71, 1
5.53, 134.84, 1
5.29, 129.83, 1
5.40, 130.67, 1
5.17, 157.53, 1
5.45, 154.69, 1
5.54, 138.89, 1
5.06, 152.08, 1
5.27, 152.42, 1
5.31, 133.69, 1
5.51, 149.09, 1
5.25, 151.60, 1
5.56, 140.43, 1
5.44, 142.53, 1
5.45, 163.66, 1
5.44, 132.47, 1
5.15, 133.72, 1
5.51, 141.50, 1
5.73, 136.70, 1
5.29, 151.09, 1
5.44, 149.38, 1
5.82, 137.09, 1
5.43, 133.34, 1
5.40, 143.71, 1
5.33, 147.07, 1
5.75, 141.32, 1
5.03, 146.63, 1
5.57, 151.39, 1
5.32, 149.39, 1
5.69, 142.94, 1
5.34, 141.97, 1
5.66, 140.28, 1
5.81, 148.00, 1
5.01, 147.44, 1
5.61, 143.13, 1
5.48, 138.09, 1
5.61, 140.87, 1
5.09, 132.27, 1
5.28, 145.63, 1
5.36, 156.34, 1
5.25, 157.95, 1
5.00, 133.65, 1
5.23, 150.55, 1
5.20, 126.33, 1
5.10, 143.03, 1
5.80, 149.31, 1
5.19, 146.75, 1
5.46, 146.49, 1
5.44, 142.16, 1
5.40, 164.37, 1
5.21, 157.62, 1
5.00, 146.31, 1
5.21, 159.29, 1
5.60, 138.92, 1
5.40, 134.96, 1
5.13, 137.03, 1
5.34, 154.90, 1
5.44, 122.10, 1
5.42, 139.36, 1
5.51, 150.92, 1
5.65, 161.67, 1
5.38, 158.62, 1
5.79, 157.50, 1
5.53, 149.15, 1
5.38, 151.56, 1
5.61, 148.08, 1
5.61, 155.63, 1
5.40, 149.39, 1
5.49, 150.82, 1
6.00, 158.01, 1
5.44, 149.16, 1
5.39, 143.73, 1
5.51, 139.74, 1
5.22, 140.98, 1
5.56, 148.82, 1
5.35, 144.19, 1
5.20, 143.74, 1
5.33, 147.87, 1
5.62, 136.09, 1
5.69, 140.81, 1
5.34, 150.62, 1
5.22, 136.25, 1
5.45, 145.19, 1
5.33, 144.66, 1
5.53, 150.20, 1
5.41, 154.01, 1
5.06, 146.63, 1
5.83, 143.32, 1
5.16, 155.00, 1
5.63, 151.07, 1
5.34, 145.01, 1
5.17, 150.43, 1
5.13, 138.08, 1
5.46, 123.04, 1
5.12, 146.00, 1
5.13, 141.34, 1
5.36, 156.30, 1
5.27, 150.88, 1
5.37, 144.32, 1
5.03, 139.27, 1
5.53, 144.72, 1
5.21, 146.32, 1
5.43, 145.14, 1
5.44, 140.38, 1
5.54, 142.38, 1
5.36, 132.95, 1
5.37, 135.53, 1
5.41, 145.60, 1
5.47, 157.82, 1
5.60, 122.79, 1
4.99, 147.66, 1
5.31, 157.06, 1
5.36, 150.03, 1
5.81, 126.64, 1
5.68, 137.55, 1
5.45, 142.45, 1
5.52, 140.53, 1
5.60, 128.66, 1
5.11, 157.46, 1
5.36, 138.08, 1
5.72, 141.76, 1
5.51, 136.53, 1
4.98, 146.62, 1
5.07, 152.67, 1
5.48, 140.70, 1
5.35, 134.22, 1
5.55, 127.38, 1
5.50, 155.22, 1
5.81, 140.63, 1
5.28, 153.13, 1
5.22, 138.89, 1
5.30, 149.01, 1
5.42, 126.22, 1
5.47, 125.86, 1
5.17, 160.46, 1
5.53, 123.27, 1
5.47, 148.44, 1
5.46, 138.14, 1
5.56, 156.67, 1
5.61, 143.44, 1
5.40, 153.11, 1
5.55, 163.47, 1
5.55, 155.03, 1
5.53, 120.92, 1
5.19, 135.45, 1
5.34, 146.57, 1
5.27, 161.29, 1
5.52, 135.18, 1
5.55, 147.84, 1
5.65, 142.56, 1
5.60, 166.88, 1
5.36, 168.29, 1
5.14, 144.67, 1
5.22, 129.28, 1
5.69, 139.75, 1
5.54, 145.92, 1
5.23, 148.49, 1
5.44, 139.58, 1
5.49, 149.12, 1
5.16, 130.46, 1
5.36, 157.17, 1
5.54, 157.42, 1
5.63, 143.63, 1
5.13, 151.73, 1
5.37, 138.49, 1
5.63, 134.10, 1
5.45, 148.73, 1
5.42, 143.92, 1
5.50, 140.54, 1
5.47, 150.52, 1
5.67, 137.94, 1
5.20, 136.15, 1
5.46, 146.61, 1
5.76, 127.85, 1
5.23, 155.00, 1
5.24, 160.40, 1
5.55, 141.40, 1
5.35, 127.45, 1
5.18, 143.67, 1
5.30, 160.06, 1
5.32, 147.15, 1
5.43, 138.33, 1
5.32, 146.66, 1
5.59, 133.71, 1
5.39, 146.10, 1
5.48, 130.14, 1
5.84, 128.49, 1
5.63, 134.57, 1
5.27, 161.55, 1
5.50, 151.49, 1
5.81, 166.70, 1
5.42, 156.91, 1
5.34, 143.85, 1
5.40, 138.72, 1
5.45, 134.42, 1
5.37, 153.41, 1
5.56, 128.35, 1
5.49, 135.60, 1
5.32, 159.81, 1
5.66, 163.24, 1
5.10, 130.81, 1
5.61, 137.88, 1
5.47, 149.75, 1
5.19, 150.25, 1
4.87, 149.32, 1
5.58, 144.01, 1
5.28, 134.77, 1
5.38, 148.11, 1
5.33, 142.57, 1
5.47, 163.12, 1
5.41, 141.92, 1
5.49, 149.78, 1
5.20, 161.98, 1
5.30, 139.58, 1
5.51, 129.11, 1
5.27, 142.65, 1
5.34, 148.68, 1
5.55, 166.62, 1
5.14, 145.71, 1
5.26, 146.54, 1
5.66, 154.09, 1
5.38, 149.91, 1
5.53, 146.01, 1
5.48, 129.24, 1
5.44, 144.62, 1
5.31, 148.13, 1
5.44, 121.52, 1
5.30, 148.04, 1
5.53, 148.18, 1
5.46, 154.14, 1
5.36, 143.58, 1
5.36, 134.46, 1
5.14, 147.61, 1
5.39, 151.80, 1
5.21, 150.62, 1
4.96, 149.38, 1
5.43, 151.10, 1
5.47, 123.44, 1
5.37, 165.87, 1
5.39, 147.96, 1
5.79, 153.62, 1
5.11, 136.98, 1
5.35, 148.51, 1
5.31, 149.03, 1
5.54, 139.30, 1
5.33, 145.55, 1
5.32, 135.90, 1
5.37, 140.39, 1
5.54, 152.28, 1
5.65, 152.10, 1
5.17, 135.73, 1
5.69, 159.43, 1
5.68, 143.71, 1
5.14, 140.54, 1
5.27, 141.53, 1
5.53, 151.22, 1
5.20, 134.87, 1
5.72, 150.86, 1
5.58, 140.17, 1
5.59, 138.64, 1
5.54, 159.32, 1
5.67, 132.12, 1
5.60, 149.58, 1
5.72, 140.63, 1
5.31, 148.77, 1
5.15, 161.96, 1
5.33, 135.60, 1
5.28, 154.04, 1
5.23, 144.47, 1
5.26, 136.46, 1
5.41, 147.35, 1
5.34, 165.64, 1
5.72, 133.35, 1
5.40, 164.71, 1
5.30, 161.27, 1
5.31, 142.51, 1
5.51, 140.56, 1
5.57, 143.63, 1
5.44, 133.74, 1
5.44, 158.87, 1
5.44, 143.81, 1
5.69, 135.07, 1
5.38, 148.01, 1
5.22, 140.72, 1
5.15, 155.86, 1
5.25, 153.05, 1
5.49, 140.03, 1
5.23, 155.01, 1
5.67, 161.02, 1
5.57, 153.95, 1
5.23, 155.15, 1
5.47, 150.69, 1
5.33, 143.68, 1
5.32, 169.20, 1
5.49, 152.91, 1
5.33, 139.45, 1
5.59, 162.12, 1
5.74, 157.27, 1
5.86, 154.02, 1
5.43, 138.62, 1
5.40, 149.52, 1
5.55, 151.93, 1
5.35, 158.63, 1
5.58, 149.35, 1
5.66, 137.43, 1
5.28, 141.31, 1
5.48, 146.25, 1
5.48, 149.34, 1
5.42, 155.76, 1
5.31, 160.02, 1
5.25, 113.76, 1
5.32, 163.81, 1
5.27, 154.99, 1
5.35, 159.90, 1
5.37, 154.73, 1
5.38, 138.75, 1
5.27, 122.93, 1
5.26, 169.93, 1
5.70, 127.54, 1
5.12, 132.65, 1
5.62, 144.56, 1
5.50, 162.06, 1
5.20, 158.54, 1
5.56, 148.19, 1
5.56, 141.96, 1
5.56, 139.45, 1
5.21, 141.97, 1
5.22, 128.09, 1
5.35, 140.19, 1
5.56, 150.12, 1
5.53, 149.40, 1
5.60, 147.73, 1
5.42, 140.45, 1
5.26, 144.34, 1
5.41, 160.83, 1
5.49, 132.09, 1
5.64, 133.86, 1
5.38, 131.16, 1
5.37, 140.02, 1
5.42, 157.45, 1
5.37, 148.71, 1
5.34, 129.35, 1
5.23, 148.44, 1
5.64, 147.26, 1
5.51, 128.98, 1
5.80, 134.88, 1
5.62, 155.30, 1
5.40, 161.82, 1
5.47, 150.05, 1
5.57, 141.28, 1
5.27, 135.23, 1
5.45, 157.02, 1
5.38, 157.05, 1
5.29, 136.72, 1
5.19, 151.90, 1
5.50, 145.99, 1
5.62, 144.57, 1
5.83, 136.13, 1
5.44, 132.94, 1
5.09, 145.04, 1
5.48, 134.31, 1
5.55, 151.86, 1
5.32, 133.06, 1
5.69, 148.58, 1
5.51, 140.49, 1
5.41, 131.90, 1
5.44, 150.59, 1
5.19, 135.29, 1
5.46, 133.89, 1
5.59, 144.25, 1
5.24, 140.40, 1
5.48, 155.57, 1
5.55, 138.98, 1
5.40, 155.06, 1
5.58, 129.08, 1
5.24, 129.48, 1
5.26, 151.50, 1
5.64, 145.67, 1
5.41, 146.03, 1
5.40, 153.41, 1
5.54, 153.03, 1
5.20, 137.76, 1
5.63, 132.15, 1
5.47, 139.26, 1
5.02, 168.66, 1
5.55, 147.46, 1
5.42, 137.52, 1
5.55, 138.31, 1
5.40, 128.31, 1
5.54, 136.57, 1
4.90, 148.35, 1
5.41, 146.71, 1
5.36, 149.97, 1
5.19, 163.09, 1
5.09, 154.10, 1
5.27, 132.12, 1
5.39, 147.74, 1
5.11, 152.40, 1
5.53, 163.54, 1
5.18, 140.85, 1
5.46, 148.68, 1
5.40, 142.47, 1
5.58, 147.33, 1
5.55, 144.78, 1
5.44, 146.89, 1
5.37, 152.40, 1
5.22, 159.05, 1
5.42, 113.04, 1
5.68, 140.56, 1
5.28, 154.69, 1
5.46, 143.91, 1
5.12, 157.03, 1
5.35, 154.01, 1
5.38, 133.09, 1
5.26, 151.71, 1
5.65, 145.70, 1
5.39, 141.51, 1
5.19, 152.15, 1
5.15, 160.73, 1
5.53, 131.83, 1
5.06, 129.71, 1
5.72, 142.95, 1
5.50, 160.40, 1
5.41, 154.24, 1
5.21, 154.02, 1
5.54, 140.47, 1
5.20, 157.90, 1
5.60, 145.29, 1
5.61, 143.94, 1
5.45, 145.98, 1
5.44, 166.45, 1
5.27, 144.85, 1
5.17, 154.52, 1
5.65, 144.08, 1
5.58, 142.17, 1
5.23, 145.53, 1
5.55, 124.79, 1
5.62, 134.07, 1
5.53, 145.55, 1
5.20, 146.14, 1
5.57, 160.14, 1
5.48, 154.75, 1
5.55, 135.51, 1
5.29, 138.61, 1
4.96, 151.88, 1
5.14, 165.53, 1
5.54, 142.09, 1
5.63, 140.79, 1
5.54, 150.76, 1
5.84, 148.44, 1
5.48, 144.89, 1
5.44, 126.27, 1
5.31, 144.30, 1
5.21, 137.34, 1
5.24, 129.62, 1
5.36, 147.03, 1
5.46, 149.12, 1
5.60, 157.83, 1
5.64, 144.89, 1
5.32, 141.88, 1
5.46, 144.11, 1
5.04, 152.30, 1
4.98, 151.64, 1
5.17, 145.37, 1
5.35, 151.56, 1
5.25, 155.41, 1
5.32, 151.78, 1
5.37, 142.17, 1
5.48, 123.38, 1
5.33, 146.25, 1
5.48, 165.12, 1
5.17, 153.75, 1
5.62, 153.03, 1
5.83, 150.24, 1
5.60, 137.60, 1
5.72, 142.44, 1
5.29, 146.11, 1
5.38, 154.99, 1
5.60, 159.32, 1
5.57, 176.46, 1
5.67, 140.47, 1
5.43, 132.55, 1
5.48, 143.82, 1
6.07, 136.53, 1
5.48, 133.71, 1
5.00, 133.75, 1
5.65, 155.02, 1
5.47, 158.09, 1
5.47, 151.86, 1
5.27, 135.77, 1
5.65, 136.45, 1
5.59, 140.43, 1
5.12, 143.34, 1
5.44, 141.60, 1
5.05, 128.67, 1
5.09, 155.75, 1
5.50, 147.81, 1
5.49, 149.99, 1
5.63, 150.12, 1
5.32, 128.61, 1
5.58, 158.90, 1
5.25, 139.19, 1
5.44, 142.42, 1
5.52, 145.23, 1
5.30, 143.06, 1
5.57, 162.26, 1
5.72, 142.30, 1
5.34, 156.71, 1
5.56, 138.75, 1
5.18, 139.07, 1
5.40, 149.06, 1
5.15, 144.72, 1
5.44, 144.65, 1
5.70, 134.08, 1
5.12, 130.15, 1
5.20, 143.76, 1
5.72, 147.17, 1
5.76, 126.09, 1
5.54, 133.36, 1
5.48, 148.29, 1
4.96, 127.36, 1
5.37, 146.90, 1
5.52, 137.86, 1
5.58, 143.37, 1
5.68, 141.01, 1
5.59, 130.40, 1
5.23, 159.20, 1
5.69, 144.68, 1
5.33, 128.72, 1
4.96, 142.75, 1
5.33, 134.11, 1
5.46, 155.08, 1
5.14, 166.40, 1
5.33, 134.05, 1
5.64, 155.87, 1
5.06, 127.63, 1
5.58, 164.44, 1
5.18, 134.65, 1
5.45, 133.34, 1
5.26, 146.18, 1
5.29, 163.20, 1
5.28, 138.12, 1
5.16, 143.30, 1
5.34, 127.08, 1
5.35, 144.40, 1
5.59, 158.22, 1
5.18, 158.40, 1
5.55, 127.96, 1
5.63, 151.07, 1
5.38, 157.21, 1
5.27, 155.92, 1
5.70, 162.85, 1
5.33, 153.12, 1
5.31, 139.59, 1
4.86, 142.52, 1
5.47, 153.08, 1
5.62, 141.03, 1
5.17, 153.70, 1
5.27, 145.63, 1
5.51, 139.46, 1
5.20, 153.66, 1
5.53, 148.19, 1
5.37, 139.39, 1
5.37, 130.78, 1
5.50, 154.15, 1
5.34, 145.64, 1
5.51, 147.74, 1
5.31, 138.39, 1
5.38, 140.01, 1
5.30, 148.47, 1
5.50, 156.34, 1
5.06, 130.45, 1
5.35, 152.88, 1
5.40, 154.87, 1
5.73, 142.18, 1
5.01, 138.53, 1
5.62, 153.31, 1
5.79, 146.18, 1
5.51, 136.17, 1
5.31, 149.38, 1
6.08, 140.77, 1
5.61, 126.27, 1
5.21, 132.85, 1
5.82, 135.74, 1
5.27, 142.98, 1
5.04, 136.10, 1
5.13, 149.25, 1
5.66, 140.13, 1
5.35, 151.41, 1
5.54, 149.00, 1
5.46, 145.53, 1
5.04, 152.74, 1
5.36, 140.34, 1
5.13, 139.62, 1
5.44, 150.17, 1
5.77, 132.15, 1
5.62, 147.79, 1
5.31, 160.26, 1
5.08, 147.67, 1
4.90, 145.15, 1
5.37, 130.49, 1
5.54, 154.57, 1
5.15, 144.15, 1
5.24, 150.94, 1
5.30, 143.76, 1
5.40, 158.44, 1
5.27, 159.20, 1
4.98, 155.29, 1
5.08, 147.68, 1
5.41, 145.88, 1
5.35, 142.75, 1
5.33, 159.58, 1
5.49, 150.25, 1
5.80, 160.39, 1
5.44, 140.86, 1
5.73, 148.80, 1
5.19, 148.07, 1
5.67, 163.89, 1
5.30, 144.14, 1
5.29, 147.12, 1
5.48, 139.85, 1
5.39, 151.47, 1
5.12, 137.41, 1
5.10, 144.55, 1
5.49, 138.31, 1
5.29, 134.35, 1
5.48, 142.33, 1
5.11, 129.74, 1
5.55, 148.57, 1
5.41, 156.06, 1
5.16, 153.75, 1
5.19, 144.47, 1
5.25, 148.72, 1
5.49, 147.78, 1
5.34, 131.42, 1
5.45, 149.59, 1
5.18, 162.16, 1
5.53, 145.96, 1
4.91, 159.15, 1
5.10, 144.92, 1
5.19, 155.03, 1
5.13, 147.85, 1
5.32, 148.78, 1
5.33, 151.53, 1
5.35, 159.20, 1
5.59, 139.56, 1
5.36, 158.84, 1
5.38, 149.16, 1
5.11, 152.25, 1
5.51, 157.33, 1
5.27, 147.16, 1
5.49, 135.71, 1
5.76, 144.10, 1
5.62, 155.13, 1
5.08, 148.89, 1
5.12, 148.80, 1
5.58, 139.89, 1
5.41, 147.70, 1
5.62, 150.52, 1
5.24, 155.31, 1
5.43, 160.35, 1
5.21, 144.24, 1
5.66, 140.47, 1
5.49, 160.99, 1
5.41, 145.14, 1
5.19, 155.25, 1
5.44, 144.78, 1
5.77, 143.14, 1
5.41, 145.29, 1
5.50, 142.93, 1
5.14, 133.49, 1
5.20, 150.82, 1
4.97, 133.47, 1
5.28, 151.10, 1
5.31, 155.48, 1
5.76, 153.40, 1
5.52, 128.41, 1
5.54, 167.36, 1
5.45, 139.95, 1
5.35, 141.76, 1
5.29, 157.66, 1
5.26, 150.00, 1
5.41, 145.99, 1
5.44, 146.07, 1
5.32, 142.85, 1
5.27, 146.45, 1
5.23, 141.74, 1
5.73, 155.29, 1
5.77, 150.94, 1
5.56, 129.72, 1
5.42, 146.08, 1
5.70, 151.73, 1
5.31, 158.98, 1
5.42, 131.01, 1
5.31, 157.43, 1
5.58, 155.28, 1
5.49, 144.65, 1
5.64, 150.04, 1
4.87, 128.42, 1
5.64, 147.25, 1
5.24, 140.80, 1
5.70, 136.34, 1
5.57, 142.02, 1
5.02, 151.79, 1
5.58, 149.89, 1
5.49, 157.90, 1
5.65, 136.06, 1
5.63, 138.84, 1
5.35, 146.54, 1
5.59, 140.56, 1
5.34, 139.99, 1
5.42, 140.01, 1
5.53, 147.03, 1
5.72, 134.11, 1
5.49, 145.66, 1
5.25, 152.56, 1
5.15, 133.72, 1
5.23, 153.85, 1
5.47, 140.37, 1
5.39, 139.51, 1
5.52, 152.47, 1
5.39, 150.94, 1
5.24, 145.63, 1
5.73, 146.70, 1
5.57, 154.82, 1
5.10, 145.55, 1
4.79, 146.66, 1
5.40, 147.98, 1
5.41, 137.11, 1
5.07, 152.53, 1
5.37, 142.43, 1
5.14, 133.82, 1
5.25, 145.45, 1
5.19, 144.70, 1
5.37, 126.46, 1
5.56, 140.59, 1
5.69, 152.10, 1
5.19, 139.10, 1
5.12, 146.25, 1
5.32, 148.94, 1
5.42, 141.53, 1
5.55, 143.66, 1
5.22, 154.18, 1
5.54, 151.75, 1
5.44, 152.71, 1
5.53, 159.83, 1
5.68, 139.84, 1
5.27, 141.18, 1
5.81, 147.50, 1
5.04, 175.98, 1
5.69, 133.01, 1
5.49, 157.27, 1
5.54, 153.11, 1
5.24, 136.20, 1
5.38, 138.25, 1
5.66, 134.42, 1
5.27, 168.15, 1
5.51, 133.16, 1
5.53, 150.53, 1
5.50, 127.47, 1
5.47, 139.50, 1
5.73, 172.44, 1
5.57, 150.26, 1
5.61, 157.10, 1
5.68, 134.01, 1
5.64, 154.62, 1
5.14, 128.21, 1
5.53, 146.21, 1
5.52, 147.61, 1
5.47, 162.41, 1
5.74, 151.31, 1
5.57, 150.93, 1
5.52, 140.14, 1
5.76, 143.16, 1
5.30, 139.13, 1
5.43, 139.45, 1
5.19, 170.83, 1
5.74, 147.42, 1
5.25, 152.16, 1
5.50, 146.11, 1
5.20, 135.55, 1
5.61, 150.22, 1
5.66, 136.47, 1
5.58, 139.19, 1
5.17, 140.24, 1
5.60, 154.97, 1
5.24, 141.88, 1
5.19, 162.19, 1
5.19, 141.07, 1
5.22, 158.65, 1
5.01, 147.00, 1
5.66, 150.90, 1
5.34, 156.50, 1
5.31, 165.67, 1
5.29, 130.18, 1
5.03, 152.63, 1
5.31, 125.10, 1
5.44, 151.09, 1
5.14, 130.53, 1
5.79, 150.93, 1
5.44, 146.65, 1
5.31, 143.86, 1
5.61, 147.58, 1
5.33, 148.25, 1
5.51, 141.39, 1
5.56, 128.36, 1
5.45, 134.45, 1
5.88, 158.95, 1
5.53, 140.87, 1
5.11, 143.81, 1
5.60, 137.14, 1
5.10, 131.40, 1
5.33, 134.76, 1
5.31, 126.77, 1
5.50, 151.84, 1
5.30, 148.53, 1
5.51, 155.38, 1
5.48, 142.10, 1
5.52, 140.51, 1
5.35, 150.35, 1
5.35, 143.28, 1
5.55, 150.26, 1
5.60, 146.70, 1
5.73, 146.41, 1
5.51, 140.11, 1
5.46, 133.98, 1
5.22, 139.12, 1
5.90, 150.29, 1
5.58, 149.32, 1
5.21, 134.03, 1
5.41, 140.20, 1
5.22, 159.21, 1
5.43, 126.93, 1
5.48, 155.59, 1
5.48, 136.19, 1
5.21, 135.10, 1
5.37, 141.54, 1
5.20, 138.09, 1
5.29, 155.09, 1
5.62, 147.05, 1
5.29, 144.88, 1
5.49, 132.11, 1
5.67, 138.90, 1
5.57, 148.73, 1
5.37, 143.20, 1
5.12, 160.03, 1
5.77, 135.64, 1
4.98, 146.48, 1
5.43, 151.58, 1
5.66, 145.73, 1
5.68, 134.20, 1
5.65, 135.58, 1
5.25, 149.61, 1
5.44, 147.16, 1
5.49, 146.50, 1
5.54, 146.82, 1
5.40, 146.51, 1
5.85, 158.61, 1
5.58, 139.26, 1
5.38, 145.97, 1
5.33, 161.55, 1
5.49, 152.07, 1
5.27, 145.55, 1
5.62, 150.29, 1
5.76, 151.32, 1
5.07, 125.97, 1
5.77, 137.40, 1
5.64, 132.98, 1
5.19, 162.52, 1
5.53, 152.32, 1
5.27, 126.17, 1
5.32, 148.63, 1
5.25, 150.10, 1
5.18, 148.16, 1
5.51, 134.19, 1
5.41, 144.65, 1
5.26, 134.34, 1
5.62, 130.05, 1
5.68, 148.17, 1
5.59, 138.07, 1
5.49, 140.51, 1
5.65, 153.28, 1
5.23, 146.63, 1
5.00, 136.40, 1
5.51, 144.94, 1
5.48, 149.75, 1
5.35, 153.82, 1
5.15, 140.69, 1
5.52, 141.90, 1
5.02, 131.21, 1
5.58, 148.60, 1
5.44, 152.22, 1
5.52, 152.02, 1
5.08, 147.78, 1
5.86, 139.53, 1
5.19, 135.04, 1
5.28, 134.29, 1
5.00, 135.48, 1
5.02, 140.34, 1
5.48, 149.48, 1
5.55, 143.94, 1
5.37, 156.30, 1
5.02, 173.35, 1
5.07, 137.82, 1
5.65, 151.29, 1
4.98, 139.82, 1
4.95, 158.04, 1
5.48, 138.08, 1
5.61, 165.28, 1
5.47, 135.10, 1
5.55, 156.34, 1
5.52, 140.45, 1
5.51, 140.62, 1
5.14, 136.89, 1
5.41, 155.81, 1
5.53, 129.40, 1
5.25, 141.44, 1
5.66, 140.94, 1
5.72, 143.35, 1
5.16, 139.70, 1
5.35, 133.95, 1
5.34, 140.23, 1
5.20, 162.53, 1
5.49, 143.48, 1
5.36, 154.30, 1
5.34, 132.27, 1
5.53, 142.62, 1
5.49, 151.88, 1
5.60, 136.63, 1
5.69, 129.78, 1
5.38, 124.27, 1
5.51, 134.96, 1
5.27, 145.64, 1
5.66, 122.78, 1
5.47, 157.04, 1
5.44, 132.44, 1
5.47, 133.21, 1
5.07, 143.41, 1
5.30, 155.20, 1
5.06, 137.46, 1
5.55, 128.46, 1
5.33, 127.69, 1
5.45, 148.98, 1
5.42, 137.54, 1
5.16, 134.80, 1
5.53, 131.84, 1
5.56, 157.23, 1
5.34, 138.11, 1
5.07, 142.82, 1
5.75, 146.99, 1
5.43, 142.04, 1
5.32, 138.82, 1
5.25, 155.55, 1
5.43, 145.74, 1
5.29, 160.46, 1
5.54, 149.40, 1
5.51, 150.54, 1
5.06, 140.80, 1
5.41, 141.78, 1
5.63, 171.21, 1
5.51, 143.18, 1
5.42, 158.35, 1
5.26, 138.10, 1
5.60, 147.35, 1
5.57, 127.17, 1
5.80, 143.74, 1
5.45, 130.84, 1
5.53, 142.69, 1
5.36, 146.23, 1
5.55, 143.57, 1
4.97, 150.05, 1
5.67, 134.17, 1
5.40, 145.12, 1
5.57, 146.97, 1
5.55, 147.63, 1
5.05, 135.73, 1
5.55, 148.77, 1
5.71, 140.95, 1
5.36, 126.73, 1
5.79, 148.66, 1
5.12, 137.95, 1
5.18, 151.96, 1
5.29, 144.38, 1
5.45, 153.55, 1
5.18, 155.86, 1
5.15, 140.21, 1
5.46, 160.52, 1
5.59, 148.24, 1
5.52, 162.07, 1
5.85, 138.58, 1
5.60, 151.99, 1
5.35, 129.37, 1
5.20, 145.95, 1
5.54, 152.26, 1
5.49, 151.34, 1
5.44, 145.70, 1
5.57, 157.46, 1
5.43, 153.75, 1
5.02, 148.12, 1
5.40, 142.93, 1
5.60, 149.08, 1
5.68, 140.29, 1
5.38, 141.60, 1
5.25, 157.11, 1
5.19, 150.21, 1
5.47, 136.30, 1
5.42, 127.74, 1
5.61, 126.98, 1
5.14, 158.89, 1
5.16, 148.89, 1
5.40, 154.41, 1
5.57, 143.86, 1
5.12, 133.66, 1
5.37, 133.56, 1
5.45, 150.47, 1
5.47, 146.80, 1
5.19, 127.68, 1
5.64, 151.64, 1
5.40, 133.04, 1
5.95, 139.66, 1
5.51, 139.08, 1
4.89, 152.45, 1
5.47, 140.32, 1
5.53, 160.57, 1
4.87, 162.09, 1
5.46, 148.89, 1
5.41, 128.50, 1
5.45, 144.20, 1
5.36, 127.08, 1
5.46, 158.72, 1
4.99, 142.61, 1
5.53, 160.98, 1
5.49, 158.11, 1
5.66, 152.31, 1
5.16, 152.84, 1
5.52, 135.47, 1
5.30, 144.82, 1
5.26, 172.30, 1
5.17, 153.40, 1
5.57, 130.85, 1
5.81, 150.42, 1
5.24, 146.93, 1
4.93, 152.65, 1
5.39, 139.81, 1
5.26, 162.38, 1
5.48, 157.12, 1
5.36, 164.13, 1
5.56, 137.25, 1
5.22, 143.59, 1
5.09, 147.13, 1
5.34, 157.10, 1
5.12, 139.66, 1
5.43, 151.80, 1
5.44, 149.16, 1
5.24, 132.69, 1
5.66, 146.22, 1
5.37, 128.56, 1
5.34, 146.58, 1
5.45, 148.62, 1
5.59, 141.62, 1
5.34, 149.75, 1
5.35, 141.33, 1
5.36, 138.63, 1
5.40, 131.11, 1
5.22, 150.86, 1
5.20, 156.89, 1
5.28, 144.21, 1
5.46, 140.21, 1
5.54, 138.80, 1
5.59, 150.52, 1
5.51, 147.14, 1
5.15, 140.49, 1
5.57, 142.99, 1
5.71, 158.56, 1
5.15, 135.71, 1
5.48, 148.67, 1
5.86, 136.98, 1
5.91, 148.70, 1
5.20, 156.05, 1
5.65, 147.87, 1
5.46, 147.22, 1
5.33, 142.16, 1
5.25, 135.61, 1
5.33, 137.33, 1
5.32, 134.05, 1
5.19, 138.22, 1
5.79, 157.19, 1
5.21, 148.10, 1
5.28, 148.00, 1
5.63, 142.29, 1
5.68, 123.33, 1
5.45, 130.86, 1
5.62, 137.75, 1
5.18, 142.43, 1
5.44, 147.80, 1
5.21, 126.39, 1
5.65, 144.87, 1
5.10, 143.54, 1
5.19, 141.88, 1
5.41, 156.16, 1
5.49, 148.32, 1
5.54, 148.31, 1
5.38, 140.64, 1
5.17, 150.30, 1
5.29, 132.46, 1
5.56, 143.46, 1
5.34, 143.69, 1
5.56, 160.44, 1
5.45, 119.90, 1
5.34, 150.26, 1
5.44, 153.98, 1
5.53, 145.65, 1
5.47, 129.72, 1
5.31, 141.57, 1
5.46, 154.44, 1
4.77, 158.73, 1
5.44, 150.50, 1
5.88, 153.24, 1
5.58, 148.86, 1
5.38, 148.73, 1
5.41, 144.45, 1
5.30, 158.20, 1
5.43, 158.00, 1
5.54, 136.47, 1
5.75, 119.72, 1
5.27, 144.40, 1
5.71, 141.31, 1
5.73, 139.55, 1
5.55, 155.25, 1
5.13, 140.65, 1
5.60, 133.46, 1
5.37, 135.17, 1
5.43, 132.81, 1
5.31, 147.94, 1
5.41, 137.91, 1
5.39, 145.80, 1
5.42, 140.77, 1
5.10, 146.45, 1
5.48, 141.77, 1
5.68, 146.97, 1
5.73, 141.13, 1
5.49, 163.37, 1
5.48, 152.26, 1
5.55, 134.73, 1
5.31, 147.96, 1
5.20, 165.22, 1
5.10, 139.89, 1
5.58, 145.41, 1
5.42, 162.50, 1
5.44, 163.00, 1
5.75, 149.62, 1
5.46, 138.25, 1
5.66, 137.15, 1
5.33, 125.62, 1
5.52, 133.92, 1
5.97, 146.26, 1
5.65, 135.11, 1
5.76, 127.87, 1
5.20, 133.16, 1
5.17, 152.83, 1
5.50, 153.48, 1
5.53, 149.73, 1
5.47, 134.16, 1
5.48, 159.45, 1
5.74, 152.56, 1
5.47, 148.79, 1
5.88, 154.80, 1
5.26, 151.65, 1
5.28, 165.06, 1
5.65, 162.27, 1
5.25, 150.12, 1
5.62, 158.16, 1
5.17, 108.68, 1
5.64, 152.26, 1
5.30, 137.06, 1
5.55, 141.77, 1
5.52, 154.98, 1
5.39, 130.71, 1
5.15, 147.15, 1
5.21, 142.78, 1
5.36, 157.79, 1
5.60, 139.15, 1
5.64, 149.39, 1
5.39, 140.38, 1
5.36, 138.23, 1
5.07, 132.28, 1
5.55, 127.79, 1
5.22, 145.66, 1
5.27, 147.15, 1
5.29, 159.18, 1
5.53, 137.21, 1
5.19, 138.21, 1
5.04, 150.30, 1
5.35, 134.27, 1
5.07, 136.15, 1
5.32, 134.96, 1
5.47, 128.62, 1
5.37, 141.04, 1
5.48, 156.79, 1
5.14, 145.99, 1
5.32, 133.03, 1
5.19, 139.56, 1
5.64, 161.97, 1
5.20, 149.16, 1
5.14, 161.86, 1
5.12, 160.21, 1
5.23, 141.47, 1
5.58, 139.13, 1
5.27, 153.14, 1
5.21, 130.75, 1
5.21, 135.88, 1
5.86, 151.17, 1
5.31, 162.68, 1
5.44, 141.62, 1
5.35, 138.14, 1
5.48, 160.81, 1
5.27, 148.97, 1
5.61, 144.56, 1
5.26, 131.78, 1
5.23, 141.24, 1
5.29, 131.16, 1
5.33, 138.38, 1
5.36, 160.07, 1
5.28, 160.63, 1
5.29, 125.59, 1
5.72, 158.18, 1
5.61, 143.13, 1
5.07, 149.97, 1
5.40, 142.56, 1
5.73, 132.30, 1
4.97, 134.03, 1
5.43, 142.00, 1
5.80, 152.68, 1
5.50, 140.61, 1
5.54, 142.31, 1
5.22, 132.35, 1
5.30, 157.14, 1
5.38, 122.75, 1
5.31, 127.32, 1
5.43, 139.11, 1
5.48, 139.24, 1
5.81, 148.36, 1
5.39, 140.12, 1
5.65, 161.46, 1
5.56, 146.28, 1
5.24, 150.01, 1
5.52, 154.96, 1
5.58, 153.71, 1
5.17, 154.22, 1
5.11, 154.28, 1
5.57, 139.68, 1
5.26, 149.27, 1
5.07, 131.69, 1
5.41, 156.01, 1
5.16, 142.73, 1
5.43, 144.78, 1
5.07, 162.53, 1
